8.347926
79.600426
77.033066
34.832516
80.66894
50.530163
93.44174
74.5715
48.615093
52.87237
43.146152
49.28559
46.40455
46.422836
53.362362
67.04259
22.75054
50.215378
71.04582
47.65035
63.39112
22.035954
62.180325
61.437077
66.55006
25.39191
61.920784
59.24795
48.96305
58.522564
76.37816
56.61468
56.75295
60.71069
59.176743
54.69512
54.87241
40.273846
41.065865
24.073292
58.77821
55.645226
52.347828
12.361834
55.327015
64.46233
38.26171
56.961975
46.7345
21.54718
64.02715
48.26454
20.87017
50.30153
50.03825
34.505516
44.62411
57.097336
46.794453
46.38516
46.091606
30.1097
18.757368
41.890644
46.375103
29.32761
21.808958
44.52988
33.126854
30.255474
51.938656
28.68007
42.161716
36.287254
38.00625
34.828205
38.627304
29.16793
31.784584
35.411434
33.292374
29.778294
30.938442
29.619518
27.84612
27.916344
26.318886
27.264225
27.36632
26.995785
24.525352
29.798187
18.775023
23.229786
22.480791
21.451128
21.727257
14.594986
15.613816
23.647753
20.538843
20.34024
18.633997
17.923988
17.405376
20.554077
18.160137
16.603924
15.554148
17.071177
20.523674
18.698856
15.436122
16.208591
13.105017
17.336454
13.668793
12.791148
14.266208
14.107946
12.662695
12.298247
11.388723
18.793556
11.653255
9.318862
13.862293
8.668485
11.789446
13.677267
27.07475
11.714986
9.688659
9.236449
13.397177
10.389071
10.969136
15.814996
10.449871
12.717551
21.348705
14.0639715
25.047625
13.085466
9.720775
8.028471
9.8689165
8.6127825
7.4073896
7.8562684
11.053346
7.856082
12.061266
6.0414176
7.6721487
8.300612
8.726328
5.371718
6.8415313
10.673939
5.723539
4.7225647
8.984539
4.2013597
14.780882
27.519014
4.9614644
5.514008
12.725498
38.937073
3.8351126
7.004846
7.03878
5.971405
8.914313
9.082331
18.69641
15.030986
9.50739
14.636617
8.85419
14.352996
10.012547
20.498266
39.723366
3.6344182
3.47726
26.18006
10.503219
5.2315016
2.534722
4.773256
20.244226
10.450359
9.172229
13.072237
7.8745785
6.187989
3.1975617
6.0121374
7.7494655
9.618654
4.429782
3.978734
3.8451347
11.176757
4.426212
2.3644469
2.8040798
4.514006
7.0923944
6.0606375
4.206839
5.9149213
5.1680393
3.5041776
16.29006
10.214284
18.86601
9.555845
9.294336
2.5639186
3.3818562
14.562379
13.824051
9.824823
4.2816877
8.957121
3.2027419
13.787542
13.663593
13.246183
17.088388
7.568502
2.4327533
13.4192915
2.8067672
5.72226
7.596462
5.512257
7.453282
5.456497
4.405154
12.315531
10.312335
4.143635
2.1758459
2.4946923
5.534362
5.7980504
29.845978
2.1013772
2.3970969
16.88979
2.856374
6.3889284
3.738533
8.0447
6.4486117
39.896343
1.4629933
13.886737
8.807168
7.248253
8.935225
1.0161995
5.255763
11.582757
18.38865
4.182055
6.65371
1.5350707
6.127135
15.558615
8.303887
11.748837
34.425316
14.955535
6.2617984
12.083329
3.9831316
3.771187
2.1057408
12.953805
50.21024
2.7754734
10.422982
4.8233566
6.4929214
32.10236
3.7817786
13.6355095
7.4690027
23.657223
10.539501
7.78801
5.853953
2.3613794
10.382181
14.525535
11.2637005
2.9790273
3.7645128
5.1400957
5.3293824
1.5322458
4.8689857
1.7774595
2.4199526
2.891013
7.56893
1.896933
4.3150206
9.326295
14.218546
2.3725176
4.407097
9.04831
8.170246
24.556248
3.463935
3.536359
3.2106197
9.629477
15.301626
2.0716856
10.761576
12.327866
6.755383
6.025328
5.783271
20.327091
4.0359163
3.7910247
6.225262
5.084447
4.608422
3.609358
3.5609238
3.0747206
3.031348
2.3736107
3.7051408
2.7623363
6.819379
12.302185
9.149237
3.4263492
18.751043
4.2757187
8.544982
4.3719335
1.7308286
2.5294359
10.105482
14.758854
4.4158955
7.507445
3.4981222
6.1104136
6.947964
1.7805239
6.739619
5.1339436
12.149011
12.572698
1.4864494
6.3248067
3.2704809
10.399011
8.2806015
3.0406263
4.6129575
2.4740868
1.386588
3.2455392
2.836757
2.0874798
1.0602727
6.636191
8.600056
4.3190975
2.6447005
6.8311634
14.919982
10.012376
23.110176
1.6530377
3.6324809
8.796209
4.269414
1.8018725
1.779682
5.7109747
12.349284
2.942981
10.060338
4.5301213
3.4174955
5.9547834
8.331555
2.185912
8.304908
2.6256878
2.009061
2.1030977
4.292488
24.602877
5.6959043
1.8218001
8.088198
3.3603637
4.2450314
7.7039895
9.520043
21.58963
4.5393076
1.6629535
7.6497746
13.005022
2.6450229
2.7635286
12.286686
7.36581
8.665253
4.879725
1.7914519
2.4687452
6.015289
9.276473
6.0834565
2.7540894
3.3031714
6.7109437
3.0564728
16.432953
10.056987
7.963113
19.713678
16.787027
2.6325927
3.714832
2.0997722
14.426566
3.0391858
5.1047406
13.697587
4.2825274
3.8154578
6.7606554
8.228309
5.8029795
20.643408
13.486743
8.400599
4.031071
5.862986
7.214034
2.0038743
11.990919
3.677398
5.9535885
7.5508747
4.4676943
3.235259
4.8966565
3.018248
10.97729
6.338579
6.144759
2.74485
2.4863474
1.7233182
3.3671644
11.172976
2.4435852
38.231583
18.667849
9.525187
3.3068056
10.398019
5.610565
2.5934365
24.956085
10.345663
5.1794715
2.1335742
3.611233
2.452041
3.7691944
17.724335
6.0172415
5.65762
10.344153
19.81123
2.3260539
4.194529
1.8528277
15.671106
16.931057
6.178139
9.704
7.3137436
13.496541
1.9063735
2.566686
16.269432
7.0369763
1.5494589
0.6466744
12.955142
10.48265
3.4900146
7.0647907
6.3765
10.049978
4.610168
15.236569
1.5583167
20.43974
5.257521
6.9876103
3.5132325
3.951798
4.7104445
2.0537696
1.8278024
7.225223
3.5659652
9.532032
3.4269042
1.4612877
4.2364035
3.024879
11.171025
30.587046
17.933374
0.9708935
3.0115116
1.8788856
1.0218428
2.7675893
18.220392
2.3570647
2.2159164
2.763844
16.760342
15.817835
2.816204
6.8194785
5.946557
2.0817153
8.087722
2.4857254
13.24534
3.9734979
7.6856623
21.249735
13.435159
19.248549
5.214265
6.1038113
10.1531725
2.4821892
8.193068
6.523599
14.106265
13.163187
8.51237
14.527623
22.857111
3.054209
3.3495712
4.9264417
1.333554
2.9614441
0.8320455
7.6612144
3.7598414
23.36652
18.207003
1.4452664
7.791316
5.834323
4.4318185
1.9558915
3.0154402
11.335861
7.087292
2.8519828
17.958765
6.7071466
2.5285609
6.579657
12.176601
2.341319
5.4148273
5.108447
4.731714
3.8748145
10.127071
1.2695535
1.5426886
5.6826043
1.6473266
2.8272347
2.8947272
3.2711437
8.749568
7.0374207
1.6227471
1.2430288
2.7637029
1.7780913
7.8965764
5.8724847
2.651007
3.8040771
8.263494
18.958597
15.809823
2.458757
29.443687
3.5033007
12.923052
2.9375398
2.1316144
1.5315931
5.2795477
9.813409
21.401457
4.5470843
1.177491
2.3637772
0.641926
10.031756
9.524045
1.5751922
14.214749
8.170579
5.5634537
12.418025
9.419633
10.774723
9.529502
1.6020364
20.003815
12.53859
7.0371385
3.3814294
16.224236
4.0496683
12.270132
6.9200463
3.4166937
5.5253706
3.7900608
4.456411
2.0905597
2.0390394
7.527234
17.38291
10.838659
3.4291754
1.8489137
3.0617383
3.3374505
2.4493382
1.6583608
2.9108934
2.4262743
3.3094804
2.9534805
3.322924
3.0201275
5.118205
3.4156194
4.916335
3.9696028
9.918979
18.936716
19.694855
4.1413507
4.260669
14.422445
1.1616756
10.623246
1.5743579
15.389739
3.2502446
3.24037
7.6775937
0.7320919
2.2477667
2.0331907
8.078386
12.003348
3.057656
0.47958696
8.9855
1.9631085
2.6449194
38.221485
0.72765774
1.9045419
3.5870535
4.645205
8.99621
7.7942996
29.107048
2.314763
3.9901047
1.4374596
1.3638042
6.8822374
4.3186274
2.9727128
17.064182
30.437708
10.976534
1.29303
1.2460271
1.844217
6.702878
17.6394
14.888627
9.566916
3.5403092
2.1588266
4.6688848
7.0515113
3.3010356
16.163677
13.106892
8.300713
11.683134
9.951731
1.9279295
3.2949424
8.418971
12.927567
5.797915
7.930346
6.9503727
6.88975
3.4105797
2.970275
6.446032
2.9099588
11.498128
2.8360896
2.3439238
1.311594
7.4077597
0.55267525
1.7181002
2.8554006
3.5564144
22.70539
14.844961
4.0842133
1.5838704
3.8411002
35.056026
0.90992224
2.0969598
6.2224956
1.7213582
1.9601059
2.0770857
0.59867007
1.6748329
2.0530748
0.6448619
3.1498034
4.761539
16.184645
22.051075
14.858308
1.1093494
2.936525
11.219668
3.2338917
17.098755
1.3124536
4.438258
3.443639
3.760907
1.7568918
6.7948284
1.5464165
2.9790528
6.434445
6.21193
5.674226
1.004192
4.975269
2.101167
1.0340996
1.9590768
0.63862926
0.76664555
2.7521186
1.6665546
20.418154
3.0730624
5.4858975
22.62392
21.208057
7.1700425
8.973973
1.4758161
7.9048114
2.063734
15.260859
3.6438985
0.5508158
14.201799
23.459883
9.785946
2.6044543
9.196317
4.680545
3.356955
15.010137
12.829966
2.7576299
0.71648407
10.457251
1.8340186
1.7676163
15.958785
13.833734
3.673489
3.8797123
7.5027056
9.941223
6.753965
7.228151
20.691769
1.6903783
7.629064
4.42856
10.293366
2.9421356
8.789045
0.7928074
22.090982
9.401042
5.250663
2.526951
4.8105693
5.4306617
14.692795
11.214324
0.39929324
0.9067312
8.67707
3.0038722
2.912728
1.8175147
5.660311
1.3684688
1.3252456
6.9165063
2.1676118
2.1276963
4.954743
18.61694
2.5861905
2.0072591
4.4459887
6.5255647
5.6757216
2.9894714
9.863294
2.3970828
2.8491495
8.919412
5.490087
1.7823551
1.3325324
6.139146
23.049978
1.662422
3.683699
8.765103
1.7795491
2.4677653
3.426048
5.402595
1.3112367
7.4786406
1.107263
1.6690139
1.4794657
3.4075458
4.2123055
6.7000723
8.59971
0.76622397
4.136738
6.2838845
7.6506257
6.0219564
3.0686593
2.9178305
8.618458
7.8452373
20.149157
11.213016
2.282994
7.2612987
11.663953
2.0857484
15.670462
1.3629158
8.838046
3.2065554
5.3021903
3.1558921
6.469691
4.0600376
1.6420228
4.4746747
7.509463
2.464515
3.6616812
4.6530285
1.4502912
16.666298
16.922735
2.7338183
13.936951
14.944225
14.756908
20.137947
3.4477293
12.596345
29.685255
12.756749
14.775534
2.0786946
11.4215355
16.95605
6.8043065
16.170721
2.7073402
16.05649
15.837618
2.7801988
2.5972924
12.110531
3.109218
4.647223
8.085698
6.7247543
1.5815794
8.745233
4.1129003
8.817274
6.1682715
3.0140538
6.610178
3.397321
9.75462
16.791979
2.7407331
7.1141286
2.9769456
4.4854007
2.8496194
1.5761241
7.587578
5.468499
4.282344
10.0748005
1.4219582
1.4558835
5.8983774
2.9092643
4.0196176
1.6470826
9.399207
0.99534494
3.7771754
3.3800445
2.8749318
4.771813
2.9152334
5.4005036
2.4486077
6.282106
3.292729
16.599678
0.92585725
5.1272497
1.3650104
2.726575
3.711365
1.3674262
1.0761586
10.234543
2.4909678
1.3109723
5.7224126
2.3223083
1.4786352
8.675309
9.264796
0.67157805
4.921679
2.0221713
1.4167081
8.7846365
4.7131906
4.4245806
6.090975
2.5166783
24.83573
3.0054033
2.2695174
5.179313
3.7869766
1.5193543
4.056246
11.674564
1.1956259
1.0702682
1.6176096
2.1601532
1.5921044
2.1169324
3.8183694
14.714327
8.784527
2.2541647
2.8867564
4.857837
3.9871857
0.8668517
1.2741126
1.2017424
3.9241827
1.2207417
4.123692
1.7457969
2.0185435
5.4888306
8.873316
2.0099845
12.6904335
1.8282117
1.6409497
2.8157685
18.83238
2.5095706
1.8361117
2.4672005
9.678357
2.681892
3.3820436
0.9162445
12.202131
1.9194549
9.747346
2.664255
1.0730127
6.0970607
13.993139
1.1362234
2.8623934
0.56272894
3.779186
1.1368272
2.0810854
14.666305
2.725524
3.1016297
4.230162
1.7024089
4.0669794
0.49011502
10.443088
0.78860414
1.6685107
6.8793116
10.033794
5.09249
2.546296
0.8257783
2.225924
2.844518
7.778932
0.8066972
2.0413148
13.218133
2.5538812
6.6945314
7.485992
5.4481516
3.0068743
7.3509154
2.693031
4.062867
0.82707983
1.327927
7.2880197
3.1436586
3.6550348
4.5843053
1.7379549
2.622318
6.4483213
1.9395443
6.447801
1.6619415
1.8742862
2.7137172
2.576384
1.6757035
0.3578332
6.6424985
2.0706408
1.8474735
3.5295303
1.3045717
7.244071
2.4734366
0.8330793
0.42264372
6.6498923
1.6822056
2.8543274
7.4579577
2.9858413
1.8885834
2.297714
1.9494251
0.86919874
2.4449954
0.961206
1.3449798
3.150415
2.0628035
1.8941613
1.5601827
13.783497
0.42471972
6.333063
6.5389056
1.0952634
1.91147
2.7088008
1.5001363
6.846696
1.4154533
0.49017742
3.682935
5.326716
2.3704002
6.236548
1.1246563
2.2796607
3.208982
1.4706974
2.1223018
6.648908
0.66144747
1.7050272
1.4151591
1.5726565
4.4624386
8.885739
23.121986
1.6670209
1.5235116
1.5268879
1.6205319
8.141471
1.606105
2.1759899
2.0570338
2.8523893
3.8184052
4.181493
6.5184603
5.6285195
0.88404566
5.523229
1.6088442
13.829209
2.1721616
1.1002482
1.8221124
1.0081192
1.5451001
2.5105057
1.0388463
6.455277
3.2078812
1.376432
4.8429313
2.1723049
1.0211647
1.5083042
0.6294456
0.5126317
1.0084641
2.7630084
3.9290116
1.7719781
2.0880134
8.431132
5.96619
6.907809
4.339841
2.2688603
1.4686375
4.6789575
14.059249
5.981759
3.8897603
1.8690628
1.6568128
24.301949
2.2217448
1.0470083
1.6873764
1.9218162
0.9120147
1.4066705
1.5143275
1.8375713
1.6078516
1.694036
1.4091947
1.0949075
19.54079
2.0284576
1.2679785
5.5989943
5.8627195
1.2391129
5.572643
4.776022
10.024443
5.9761753
0.97577745
1.8976882
2.0610843
0.5225444
0.94181037
1.8312107
1.6337851
0.58714736
0.8018771
3.929838
8.330926
0.756752
0.7075085
4.2803907
4.795273
2.4368997
3.861673
3.0039358
1.6260667
6.5192485
4.991113
2.5712714
8.902624
2.379177
1.5735976
3.4960375
0.7400725
2.1539338
6.890865
3.24501
13.176479
3.0479157
11.954043
3.398846
2.0826905
0.5713416
1.4249494
8.498667
2.0827017
0.93702286
0.4309207
3.6774752
3.2965944
7.411014
2.4071238
3.08191
3.270015
3.074559
1.1248124
1.7882639
0.6636218
2.220393
1.6164752
2.7963958
1.6229271
1.0160298
2.7900474
6.009234
0.4929539
0.52475995
1.3335159
1.3513851
1.160287
8.543705
6.0754566
0.39656284
0.39772323
0.78178585
10.144581
2.1113062
0.68003535
6.4961963
4.6111364
4.3193736
3.3733008
1.4975468
3.2619746
12.942564
1.1877755
2.7066312
14.618527
15.340603
1.9701246
0.8831335
1.6135631
2.7763567
4.6686954
6.403974
3.3114746
3.0270283
1.361147
1.3033383
1.0630784
1.1667879
1.2214249
0.40614924
5.246375
0.8160747
1.183805
11.171575
2.5085387
16.019777
2.3705804
3.2811887
1.9142721
0.93914294
6.3678937
2.455385
2.1195223
0.745572
0.41239175
2.4395094
4.0935354
13.958385
5.5056047
9.26307
8.395067
2.9777987
0.6596293
1.5602305
2.7970338
4.1219363
2.840555
6.8285327
1.2850163
13.202295
1.9117795
3.9650462
2.3096206
1.6333139
2.7277098
0.43906894
19.59725
5.1336956
4.1313586
1.89771
2.0497158
15.61725
2.9665418
10.566481
10.941888
1.831462
1.6370488
2.587929
0.35771036
0.21521252
10.069994
0.91863483
2.0333517
1.0413215
1.8776355
1.9342102
0.29457793
14.798323
2.2850726
10.080205
4.4671426
1.9158158
1.904718
0.47729287
5.411551
9.09246
2.7627904
3.2287104
11.8797655
4.8552656
6.7279606
2.8306072
2.1763926
0.5466846
1.210184
5.406142
0.97556263
0.56656384
0.6341271
0.23679829
11.05723
1.2954309
0.17664549
0.7521817
1.5709722
1.7892405
9.879113
2.319336
2.4121518
4.9678745
2.810215
2.811424
1.0782712
1.6809925
6.9059157
6.396872
2.298157
2.4159048
1.2544287
15.25938
1.7001929
1.2691739
16.851833
0.19348004
0.871391
1.6848245
3.383718
9.270657
8.045003
2.2328348
0.827034
1.2636575
7.349333
7.9368286
4.318962
8.058995
2.1823087
7.389457
0.26321122
12.454495
1.5952868
1.0920225
17.695644
0.33194163
2.6404147
4.023392
0.7363796
0.3692471
0.45412162
3.1405687
1.0621698
2.6194956
15.189953
4.951649
14.586345
1.4933574
8.7967825
3.049114
2.0022874
2.4995897
1.0057209
0.55263156
17.46743
1.697118
0.7859365
11.141484
10.944612
1.2557902
1.2280678
1.7937137
1.384821
1.9257058
2.2197118
5.0702076
2.175443
17.073534
1.3920845
0.31086674
1.7998766
0.3055468
0.3630195
0.9427061
5.519841
9.288556
10.875439
1.9996892
12.445297
1.377095
1.2758124
3.0238812
2.4520414
9.22003
2.4899035
5.495447
1.9704564
20.742006
2.4150352
2.8894742
3.464992
3.2974741
2.2670026
1.3920157
2.3154206
2.511033
2.570562
19.429876
3.4780633
4.6774397
2.4395688
3.2039833
7.3254266
17.445244
3.789377
10.58002
4.091004
7.592353
1.1758504
2.336724
2.8414333
11.145052
2.4009736
1.0632612
1.7897055
11.426707
1.7069485
2.7450223
12.782709
1.5303533
2.3708284
6.455892
1.8541662
2.4391408
3.1094701
2.282079
21.445427
4.039795
2.6859665
1.5972148
6.1781993
1.9505996
0.8718073
3.5246053
2.1102786
0.9389039
13.521012
2.0821958
2.4473243
0.5829954
12.114262
10.079116
10.013325
0.59866494
11.068974
4.971132
4.969333
2.1208463
0.47164676
11.566421
1.2722249
1.7306213
1.5640204
10.046041
11.515566
2.0181239
11.805976
1.329818
16.498655
1.8060868
1.0128952
2.325584
2.0292852
1.0208539
1.8697639
0.8843008
2.200255
1.8603283
2.32359
12.1917
2.5434604
2.2317667
1.5133029
10.115664
1.988045
1.7881182
12.460771
9.195983
7.201094
0.37535122
13.657414
1.206989
3.1855052
2.4290528
14.638457
13.676795
0.93812436
3.3236628
1.871547
2.4721766
1.768563
3.9708555
1.6272646
3.7904615
1.2138212
1.1818626
2.6423776
18.613121
4.2759957
10.588586
3.4138706
6.824986
3.716404
12.281347
0.86986625
2.6258528
0.7670463
2.3757234
0.26392394
24.381733
1.5921341
2.896715
12.255323
1.8832271
2.8277667
0.20238587
1.2626523
1.7572212
10.573164
2.1079767
22.349155
0.78510076
17.880808
1.2262203
0.28928414
0.3599854
0.61771506
7.492308
3.4461937
0.24296011
1.3571552
10.271317
1.535825
1.4764735
1.4989989
3.1406093
0.8874816
1.775576
11.765568
2.5515532
1.0156131
2.3087149
11.574282
2.8365364
11.513315
2.8870673
9.817778
22.121294
0.83312255
9.797587
2.8357956
9.428049
13.601807
7.0678024
2.1517148
5.0538487
3.3927002
1.0956581
3.7853856
2.1194007
12.174454
0.46203825
3.0210798
5.662859
9.480651
4.13513
1.9034525
1.3662735
11.5495825
11.451481
9.234973
5.908879
4.2833643
3.9444609
20.842564
1.9437381
1.4407998
3.448887
3.983912
12.058827
5.8149123
1.9675444
2.7463486
4.69164
2.4679267
2.2830205
6.1022444
5.225032
13.328527
2.287246
1.2502711
1.8457755
11.282717
4.275803
3.0341346
10.068258
20.956787
2.29085
2.44897
12.8384905
2.9516022
14.438376
0.71766174
2.970104
2.1023073
17.642588
11.027696
12.136815
8.282506
14.229466
9.287228
10.70733
4.5030804
2.2772217
2.5134513
1.9053541
2.7884557
1.3587134
7.13695
6.739481
1.8928779
11.505578
5.449745
13.075908
0.43193293
0.38220212
1.1819589
4.4717846
10.706906
10.355001
0.35822207
11.243838
1.7522069
0.40531793
0.9360093
2.100664
0.9552563
12.275809
14.379914
16.616037
0.96578896
4.293627
2.962779
15.842144
15.995379
2.5693502
19.185204
1.1578383
9.34603
21.441349
1.8973471
10.881441
25.622507
1.8440887
4.0695295
8.279612
1.8812187
15.536776
4.5671453
2.6857545
1.4159347
1.7627598
0.6938347
6.135734
1.7866782
11.267208
10.121063
1.4922526
9.105849
0.7269405
0.449109
4.925571
2.0749438
10.97334
9.369085
1.2055435
2.2240555
1.5195168
1.4030526
1.2189553
3.6577394
4.817082
10.297521
1.5786169
1.4033622
7.8158464
1.934584
2.3848863
22.325056
1.2062472
1.9767513
11.268554
8.357907
0.9805037
3.8351173
0.8439373
1.6350532
1.5131198
1.3710209
3.116727
1.8307654
2.060655
1.4505694
9.938265
1.1555297
4.5420938
21.964094
5.8715334
1.6421906
11.634878
1.9344208
2.3896868
7.7196593
2.7212174
1.9226737
9.490338
7.0749655
1.8440286
2.2644966
2.585507
5.411684
1.4911851
6.9331355
2.1026473
1.5081156
8.608983
1.0152686
6.7443223
1.4772536
6.230546
0.71413237
2.6283646
4.481682
1.5740092
0.9681008
0.99569285
0.5419855
8.392688
25.953142
5.538411
3.1672604
0.75987035
12.547617
1.9604926
1.0252231
1.4622301
0.82773405
2.3852592
0.6838555
9.452923
29.003054
2.7162566
2.1037593
14.362924
4.4507875
2.4337656
1.4728754
1.0598186
7.3257227
2.0708377
2.9613533
0.51303613
3.4352005
4.826237
2.1205566
5.0022
8.498561
6.4127197
5.6886516
2.0272186
2.2113588
14.305513
7.1133413
2.7546244
1.6337104
14.189917
0.5583126
6.1817474
3.6572804
0.50345725
12.470775
0.4988546
3.3808353
2.0560842
2.0593808
9.018842
7.9996285
2.9952822
1.6321658
1.5725391
8.395136
25.107037
1.1774932
2.8848696
2.436937
6.115201
12.400448
2.4025214
8.8692045
1.4334363
0.89853084
7.1842294
10.846294
1.5657033
18.701275
7.5385027
6.5314717
10.193135
8.776393
7.042816
12.539817
6.818442
14.38351
6.352473
2.7428958
1.7579914
2.4131217
8.681352
3.851999
4.7690954
2.47654
3.5354168
10.621865
5.737959
5.0260034
4.755827
1.3971666
6.608871
6.1191607
2.2655175
1.2982213
2.0403502
1.3528482
3.624519
0.80994666
11.451983
10.844027
1.1231477
2.0040329
12.579392
0.7401737
2.37695
7.2220407
6.284034
1.3482668
9.386841
7.9922237
1.8087741
6.9193587
1.5838588
7.703535
0.60223764
7.388856
1.6745238
1.6774521
7.163106
5.154291
2.704354
5.0315456
8.46089
5.528812
0.90072566
7.756424
2.0138564
2.2931206
5.3748393
8.473746
3.2341924
7.5316668
7.548989
4.997344
2.6292536
2.8037996
1.9104314
4.435229
2.5862198
2.1078045
5.5877852
22.283148
4.6266575
3.733938
6.402166
6.2586646
5.865518
1.7708639
1.04865
1.8692906
1.274531
0.57371056
1.4388822
7.7994776
7.5060534
0.9879743
2.8161607
2.841954
1.4688189
17.294107
7.6058517
5.1620774
7.7789364
3.6588783
7.605952
3.3202431
2.573501
4.933571
1.5825707
3.4546988
1.8577237
5.981784
3.0158489
6.1154647
3.8907955
2.8779223
2.303279
18.454468
1.3664778
1.6746951
1.8197762
7.198861
6.717395
4.0473523
4.0561595
7.192576
1.5522258
2.729171
2.6160662
3.5242026
2.4059644
7.4756002
2.5849211
18.49284
10.215067
5.209402
4.143888
2.7682455
1.7211642
6.725378
6.320281
5.9512396
6.758474
1.7947524
7.954066
1.8237692
3.0002034
3.4763381
21.663605
3.43408
14.569284
10.611131
4.18447
4.533209
2.155846
5.204801
4.947903
9.068231
2.1612823
0.7739669
5.1986394
5.4999456
6.75938
2.512433
1.2392449
1.0742629
13.264769
3.8757913
3.3362863
5.956695
3.5733597
1.621816
0.89582145
6.9464707
4.9777637
1.8533398
0.82536584
5.3894286
1.225739
5.3363256
7.0988374
7.5246572
5.1561365
1.124247
6.4920855
4.567983
1.3826183
7.4413824
3.9179142
12.4855175
3.3111887
2.1559193
15.782665
2.110826
1.8243064
11.272725
2.4638922
7.84596
15.923324
2.0010316
7.379745
8.566464
22.367823
8.949465
1.3868372
0.9974004
15.840987
6.338431
10.908121
4.059074
1.7739241
7.9692106
5.959707
7.121012
7.1442785
1.9571793
11.235316
10.418662
17.852255
9.546342
5.405767
1.7269886
1.9800588
1.070275
2.9356399
2.353653
1.4833655
13.079622
1.4121698
1.6920063
2.467326
10.949752
7.311066
2.3813603
2.6066535
3.5465238
11.740737
2.193423
2.5519805
18.860023
6.3360357
15.14834
1.127563
7.4000144
1.5015246
7.3815613
0.888477
1.3060328
1.9145837
11.1467285
7.66549
10.164264
11.229327
6.0254083
9.371427
8.901798
7.5266743
8.0368185
1.7873456
7.61593
1.8464416
7.2379365
5.8527865
1.5780861
3.3771598
5.187563
6.0443773
3.5783288
17.485407
3.414036
6.335425
5.8489046
4.8353534
6.5874734
3.2900221
3.9768324
5.33687
3.202007
2.4664066
10.210537
4.428743
2.5316195
12.48796
7.698776
9.106613
11.984719
2.6476054
30.172632
4.9514337
2.9608927
10.403383
6.091017
1.2352632
5.693804
8.821996
6.4197435
15.361704
2.67645
4.6078577
1.0615202
1.9136256
7.207253
6.1127477
6.1257653
1.2610682
5.2691617
9.06648
1.8569248
1.4601626
4.1281023
8.868871
19.804935
21.646132
1.1524695
4.477814
2.199477
0.9926107
1.7024662
11.349839
8.572076
7.313943
1.1920823
4.7334347
0.6740069
7.2252645
0.7111883
11.624537
0.6582653
13.975238
10.740745
3.3421578
1.7031434
7.709659
1.2688125
7.720058
9.344273
1.7121109
0.97135526
0.9052741
6.7851105
0.4380574
5.899034
14.601065
1.6144594
0.9442947
1.5009226
14.633559
10.668759
3.3093603
7.193291
11.000447
2.0583582
1.5412848
1.1328844
3.3045964
6.8076434
0.6252447
5.269265
1.1083004
13.232566
4.311648
15.048855
0.7163599
19.22714
7.838731
7.270767
7.8035793
11.017463
5.2731705
19.1208
1.0434455
2.0875773
4.990607
6.07482
7.411087
2.5039902
10.533555
0.72261596
7.357794
1.703748
5.421657
7.0893836
4.081618
3.350577
1.20447
17.593237
5.5644455
3.2053125
12.766648
8.096529
4.620433
25.990515
2.662455
11.18878
4.7004256
2.0578983
4.143096
7.000091
7.126762
3.033157
9.18538
6.989531
5.1659746
6.1824055
4.1353602
1.3738242
3.087193
5.814531
4.5719595
9.468914
5.2714987
7.7278905
7.7259755
5.0946913
3.968305
5.932272
0.76187
1.9600165
6.368551
5.5184827
6.0078607
0.9801643
6.386455
5.029822
2.1781933
1.6667696
1.2267338
4.1895247
0.6068355
15.254425
9.499042
14.257567
1.8268551
3.6980863
5.293975
6.716517
3.8454506
8.188251
2.920743
3.9489493
2.2121773
5.058227
1.900845
4.070496
4.221148
11.088228
10.005872
2.8220851
3.5088465
5.197165
4.7710176
3.7363126
4.5452795
10.920939
2.6539967
5.5698996
1.7958158
8.646742
10.803342
4.0246096
10.051523
9.195318
4.758087
4.5825195
5.965349
3.8770995
4.3237596
10.075116
6.718297
2.2417686
1.5673765
2.0487096
3.358589
4.406217
5.2711997
0.96325696
3.1472747
3.9551327
0.98278064
9.862917
1.3949163
8.021753
2.1147494
1.7036965
1.314813
5.634171
2.1945355
9.289821
6.319849
6.5780654
11.273813
5.051021
3.62032
21.155882
1.1687075
1.6359255
2.1372092
2.611688
4.063968
1.419825
5.8944073
1.348826
1.9935981
1.1356034
7.564972
4.1935973
5.982084
1.7183872
1.6073761
4.0674033
8.997905
3.7136786
1.0747863
4.0237803
3.6498952
5.5589223
6.9595094
9.190127
9.128345
14.440338
5.0963717
10.085321
4.2114067
8.225309
7.549928
1.1107222
1.352065
1.3842415
6.444373
5.306883
8.359385
1.4420427
2.8952284
5.2574525
5.1738515
4.1840854
2.2451067
3.1794496
5.6110306
4.0836573
21.7573
9.881252
6.880537
2.231282
10.293467
5.2729583
3.4016547
5.5235095
2.87271
1.7666746
4.156701
2.4030848
8.053025
4.7677717
4.0212665
24.193018
4.014867
4.6754527
1.7842166
1.4791214
8.3426695
9.294118
0.6559259
12.007807
22.144032
8.076047
3.8184922
20.411833
4.520529
10.48352
3.9605038
5.2184973
4.0336514
21.382122
2.928847
9.503888
5.5421534
8.196108
13.085044
5.4512997
0.4310536
6.13323
12.489665
5.08235
0.8629269
18.969688
3.9556005
8.857193
3.7688823
6.0694885
3.1374788
8.83825
4.4933186
0.93375975
3.9344304
7.265262
3.3156095
3.732181
5.2698016
4.9812074
16.954317
7.5054955
2.5428917
1.1338385
6.0416317
10.768525
6.97512
5.692205
6.432208
4.43875
4.178996
4.822984
4.429734
1.96312
3.8170495
7.4889483
5.5278034
16.460512
3.563934
10.583604
6.7397943
4.586627
3.248665
3.3832572
22.535358
1.0338205
7.471968
1.9086174
1.4182357
3.6768825
4.189675
0.39225537
4.337553
0.26462555
2.0174108
4.689473
7.9525514
0.31213742
0.37770602
4.489968
4.1570663
0.71408474
4.7876654
5.2496076
4.1437507
16.398865
7.873528
3.3250015
1.4497113
4.065845
0.40605882
4.373347
4.616815
4.1741977
6.4798636
2.3469427
2.4754865
4.035929
10.440683
1.5333725
16.699205
2.938413
7.892214
5.22541
3.1848528
1.366699
5.511764
1.0047617
6.994843
5.148539
1.6635704
3.058749
22.119907
15.199337
7.7659216
0.6502479
5.716849
0.797205
12.177594
21.559023
3.4442742
2.4414544
4.941249
13.670335
2.306645
1.025755
0.6432944
2.8185399
4.2411046
1.9586697
0.8047718
3.4886081
4.345701
3.857658
8.2856655
4.0808196
1.3789097
1.6352264
5.7947598
4.095122
4.958633
7.653423
0.63965875
1.5293498
4.035933
7.7481227
5.1742873
1.0537077
7.8582325
4.6136546
2.9370873
3.4006202
4.555563
8.979294
6.904001
4.1706195
3.7848272
1.4529818
1.3994694
4.942386
2.1753156
0.54718214
1.6353087
7.276532
1.0013644
1.2375195
5.636042
7.6719623
8.981151
4.024152
7.9042645
2.7333462
1.1956766
6.8919992
3.6839898
0.35334197
1.0113627
8.358895
21.306807
0.47036806
1.09033
1.6334381
2.1891408
2.3761146
3.8432324
4.5199156
7.8307815
5.031523
3.3881698
2.8008585
7.772052
5.447753
7.577498
1.3124129
4.849198
12.574008
3.9572713
16.727022
8.483651
1.4289098
3.1479301
3.956102
9.706197
0.997737
0.97454494
5.3774076
11.442077
6.4182377
4.1450763
2.2271256
1.7074429
6.825732
3.149595
2.1261544
0.274445
9.716358
17.705889
3.1758168
6.767985
0.9173765
6.9572387
10.694455
5.2469645
7.2034216
8.384005
1.249249
1.0832417
1.4185275
0.506797
8.415354
7.373479
5.01872
5.6861453
7.735006
5.5230126
4.247656
5.155917
5.4164586
7.4690332
26.567799
4.560501
1.9203475
1.6224478
4.7830486
5.9521403
7.5096803
5.554974
5.0390654
2.1548016
3.8036163
3.9485397
1.3658317
11.304965
1.2590352
6.089462
6.5548577
4.3501363
3.5669775
4.196138
4.6200714
5.4797673
7.3029675
8.497258
6.0154667
5.7644
1.4382309
6.5386915
3.5936387
1.0048152
4.407064
1.0877069
7.8815217
1.1802422
5.721253
8.458206
17.718742
6.766137
4.802124
1.5490384
3.2581804
5.0171504
3.528863
1.9356632
1.0391804
0.9411275
10.759479
10.379495
2.9478264
1.7319424
6.0313396
3.786551
3.3812797
5.5847917
6.9882965
0.5246631
13.016793
3.0616028
4.563935
4.550815
3.574206
4.9135284
2.9045303
1.2738537
8.430716
8.347883
12.203731
10.366246
21.954313
0.9713801
24.900177
4.17368
4.6229825
7.864742
29.210073
0.70312935
3.2888198
4.6003785
4.0903616
1.0954075
1.5072634
0.5338136
3.6326048
0.59355044
11.632664
1.6357486
6.8591866
6.1366105
0.76125836
23.19736
9.146608
17.107403
4.9418893
2.9384425
3.5067487
3.6863723
1.142494
3.687343
6.4943314
0.9509966
4.443272
2.275084
8.156109
2.3379025
7.102002
1.71537
4.37343
2.0806854
4.1799498
1.1890705
5.1291413
1.7267914
9.619109
0.87595916
8.825428
1.0193602
22.329195
0.5457994
9.412659
11.721148
3.3967621
6.767747
5.4712353
1.8310568
23.16822
4.0109005
4.0422792
7.5221257
3.7623782
0.6980722
3.9859166
7.3490233
2.5840225
7.606446
3.018521
9.701239
11.750896
7.372693
4.8475585
1.1518638
7.076123
12.037624
1.8481789
7.6930757
0.42437553
2.5788627
4.537879
0.7196732
9.994414
10.536422
0.92233163
15.483118
3.4164095
2.4775608
4.2569237
5.497542
5.0895705
3.7030969
8.87341
2.2117462
5.6623373
2.3096702
12.126062
5.0836563
4.1298647
18.49287
5.3620667
2.6702607
1.2209867
5.239804
22.781883
4.1553283
12.543347
4.2915587
2.1219394
4.764038
3.9430692
13.421368
2.7778616
2.6977134
2.305669
1.0053211
2.4363585
2.2867768
7.2740345
0.7409612
1.5571634
3.6741557
0.50962406
4.630511
0.7727255
0.58127874
14.60293
11.297671
1.7719654
5.7051134
3.367312
8.5290365
4.802012
5.9669223
0.5475483
13.306255
8.740142
5.3151484
0.62161106
0.25430232
0.43353376
6.30177
0.8957365
19.23581
3.4411588
21.222298
3.8748767
5.097803
6.9823236
8.779944
9.222697
4.373786
4.3273883
1.3322594
11.693527
1.6753399
1.0034728
5.126886
1.4962472
5.196814
13.163117
15.1611
5.6937838
12.109147
4.2396193
4.6538186
18.302944
1.7582685
4.825896
4.7393417
4.125461
4.5416193
6.2547884
1.118601
2.3329744
4.977695
5.016555
1.8102834
14.542375
1.1262375
6.340078
0.66836154
3.8913188
0.2126347
8.032569
1.205097
0.9646333
9.512146
0.78860843
5.4580407
10.646962
4.167979
4.3524556
0.5744871
3.8983881
14.6408825
4.2673306
12.442133
7.845346
7.542824
9.267039
3.277962
2.8326616
8.25799
5.9428277
8.730597
3.8798637
3.6246414
3.1903098
6.9337306
7.7222013
1.9533681
5.4774013
1.4601916
12.470357
3.9363358
1.8677341
8.556508
8.046882
4.5867434
6.751112
5.010934
1.3417171
7.8856196
1.3381592
7.7878723
15.363329
4.479826
4.088836
17.42486
5.711916
5.6349716
7.104499
12.506791
4.518619
25.438753
2.188324
11.724903
6.8549285
5.486458
8.839464
2.4027216
0.57256544
15.155269
9.521816
7.159447
23.456379
4.481996
16.156515
9.963922
14.400452
15.863212
3.3728032
3.57199
2.191861
7.465585
5.306625
6.554552
11.970362
3.6638112
2.3014638
8.625522
3.6536841
5.105441
8.324078
5.1647396
7.235358
7.998767
4.2446012
4.207454
0.7594275
1.3972298
6.282901
2.1470447
4.6790423
2.879726
4.357574
6.5334673
4.818057
4.2492485
2.581905
1.8308655
10.100565
5.0724225
6.344697
5.7418056
1.629701
3.3650584
3.1204903
4.883174
16.523584
5.77727
6.6413746
4.6832833
6.19507
5.0322976
3.3197327
5.007925
4.8739057
4.7355223
5.6501393
0.9401632
6.534233
3.3864202
4.2312384
4.2947917
5.1546183
5.5905437
4.5029187
2.1681983
3.4689481
1.0522074
7.2229013
19.795301
7.732105
6.4916883
1.7394274
4.549464
5.350078
3.943877
6.9963117
4.878357
2.7338064
4.313655
4.678906
4.5553393
8.3003845
3.5813954
5.771094
5.8959765
23.6665
2.0208375
6.212676
6.263148
5.995999
2.9633403
5.735702
5.8225164
6.21379
3.7173574
3.2128055
2.7954443
6.820961
4.939982
0.9760013
7.5842443
4.465539
8.395338
4.917692
11.202043
14.837297
8.103623
6.0302076
2.701825
8.486944
13.624975
2.3533523
2.6912313
19.054064
6.6634755
5.031285
5.4433365
3.1694703
11.571521
2.3092146
10.722697
14.158426
6.5739183
8.1667
4.6135116
5.1013846
2.698779
5.10929
3.2634828
7.7906713
4.7920084
5.104068
4.738039
6.9617124
5.1868763
4.414789
6.404075
3.1328566
7.3272777
4.5115433
7.6076727
5.296173
4.172114
4.677343
6.736045
3.909831
18.173592
4.730942
4.1410823
5.1309366
1.35582
4.3927474
5.547589
5.989064
5.5265684
4.1746106
17.578001
13.496306
3.7734222
6.5247436
4.1041803
3.8488066
3.1215508
2.5127597
2.7150156
2.8465319
5.7319875
1.7458336
2.324839
7.13922
2.1151836
3.5817697
5.606915
2.4291012
1.9470446
2.197005
1.4350008
16.85795
5.4444346
1.1311067
2.4687798
1.8432343
1.7221097
2.4954848
5.5144305
7.292933
7.226253
1.6404364
11.556924
4.8439355
6.4868097
2.0601752
7.4283323
1.015043
1.6446197
7.869438
14.226026
1.0035994
5.1136675
1.4051629
4.4394403
6.008835
19.576756
1.2550136
11.077778
11.857952
4.5053163
5.134808
7.5763903
2.5242429
1.3746995
7.584991
9.280641
2.0405304
6.030587
5.829747
5.006523
15.015016
7.568116
5.5182714
2.0473907
12.576244
8.271542
2.8387523
2.2456415
7.6225147
14.224811
5.401199
6.0599976
4.2557774
5.3925595
21.65744
1.7985656
6.5306163
2.7987785
6.3216643
6.7239194
1.7759832
4.602864
2.3625863
31.270226
6.6280503
2.4396598
3.0280337
5.0712466
3.693759
2.0805147
8.405268
6.670689
4.7543497
4.731394
23.041042
3.6974983
6.4451222
4.150625
19.07124
1.9430907
8.354928
3.6090214
4.0749035
6.3234854
6.264199
1.6647495
2.3893259
3.413916
1.687536
3.3200006
6.487827
11.466802
18.38997
3.1411016
8.241925
1.2872367
20.192799
4.640467
5.1080375
5.341447
18.770342
10.090613
6.2436886
2.227174
7.294915
3.625935
3.5117717
9.592067
6.143995
4.606859
1.8461132
3.1531055
4.003526
2.5360305
2.631795
3.5461204
3.5331225
8.033097
1.9118794
9.919859
22.734015
1.3954617
2.5264878
6.5413437
4.9202814
6.5316563
8.894819
10.796819
6.2072606
2.85026
3.4472215
7.8860745
1.6212975
2.334489
5.459419
23.404291
5.0709653
5.0216613
4.3181443
19.05932
6.1401896
21.674961
5.6295104
8.522849
2.314517
3.7951405
6.788992
4.064059
4.841217
7.299413
1.5188637
10.382945
2.6276739
5.2869644
5.183022
8.24803
7.3196626
3.6427548
8.280937
2.4101675
2.4939702
5.8783484
1.7781805
3.6384914
3.3830698
6.573112
5.9559803
5.513321
2.3154788
6.168984
3.677584
7.067641
5.2112217
1.7438111
3.2319953
1.2754651
7.1153626
7.2244573
4.3182135
2.4215772
2.0158937
2.4140735
3.4232101
2.2118678
6.4701056
7.679238
4.1223245
5.533464
2.7219536
0.7233738
1.5314952
7.4597006
4.8088603
1.1377912
2.6784241
19.564209
3.4731033
6.468934
0.82587963
7.6828537
13.964879
6.349756
6.632025
8.04912
2.2117093
24.041042
1.9677068
21.896278
1.2650923
5.250516
10.553073
7.649569
5.9752064
3.399275
10.60164
7.3647413
6.905326
10.356441
3.7236686
6.093005
5.1507616
2.8313718
7.322541
7.9256916
3.5340757
3.286633
6.3087487
1.7361215
2.7994254
10.267554
2.5295842
10.836568
5.5209785
14.586255
3.7105398
14.825213
4.4454174
4.185347
6.452223
4.033088
19.767231
2.9933777
5.391517
6.235633
5.573294
5.4322968
0.9329918
1.5435779
7.8702374
3.8617978
6.5327144
2.8416445
3.4034984
4.884067
1.7368139
1.083295
9.364819
4.602045
3.0567865
2.1966505
16.717152
11.119344
5.230811
5.148561
11.922883
6.990569
7.6544642
4.2016683
10.222637
13.419244
2.0048206
8.872769
5.7011323
10.909049
13.326708
6.4922895
2.230356
2.7693276
9.373224
6.891386
5.5288053
7.091592
4.731355
7.1157455
2.5549722
12.135709
7.6896353
7.413389
6.5861597
2.7909973
5.8566365
2.035758
7.13231
16.226889
4.691553
2.6810944
8.140305
16.809792
8.542925
3.247035
6.0139937
3.4736524
6.944859
9.752686
5.974672
17.028555
3.6663988
6.3576617
6.240086
8.359764
7.9135447
10.20999
5.204687
5.863783
6.901134
3.3087819
7.711695
2.3546846
5.5636683
5.3557286
2.7958558
5.61445
3.492939
15.768901
1.7663201
1.9307748
4.405268
11.784032
2.2515364
6.0160627
1.3891279
10.499955
3.612556
11.039447
1.5712211
2.892972
5.800482
6.9346414
1.8293658
14.638492
6.227686
2.877616
4.5142627
4.966906
4.392969
7.902773
8.008358
27.496813
9.968894
8.2260685
2.9118006
5.8918934
2.0984502
4.41253
6.9883943
7.1172185
4.1433225
3.2140381
6.1217294
5.377026
7.254991
4.690673
4.976664
3.9631932
0.9720953
3.8244362
1.6451335
6.28925
5.520282
2.1284761
1.6386158
1.5982658
5.615701
5.338991
1.4323972
3.231492
10.454866
3.1815872
2.3864975
5.902333
11.667228
1.776127
10.948712
10.156738
18.854546
8.57883
7.948111
11.614911
3.013346
2.0920725
15.11741
1.1147331
4.965561
2.046204
5.79482
3.6179807
8.781323
5.1762137
2.1800275
2.569244
12.06967
1.3813378
10.367629
8.7440815
8.746604
2.9560115
6.595652
1.6579099
24.337345
8.546736
2.8226693
4.6973104
6.375358
5.9974566
5.7056375
2.4165246
2.231319
2.0724232
3.5843432
3.5251532
1.6052176
22.109095
1.9805833
9.224523
2.6494167
1.736765
4.695499
14.0624
7.8577666
6.576237
4.5114594
1.7008309
6.027425
2.835234
1.0835106
3.9444501
10.273104
4.189405
12.123989
6.32163
6.6636534
2.799755
1.9321321
16.560396
5.0388193
17.232056
12.010257
2.7859433
10.560713
6.2589006
3.677237
8.621963
4.3794875
9.385563
10.175236
15.544387
1.4274439
6.2934537
6.4813004
3.362653
5.158933
7.2814264
6.2934647
7.9753027
1.1786262
6.854415
3.9359198
10.262644
4.8080115
6.5319667
10.584974
6.3744974
5.708914
2.8764467
14.227529
10.760884
9.249774
4.7627378
4.714027
12.766803
2.007812
8.326381
14.966823
5.3721466
5.6015797
13.094876
3.9567492
5.844267
7.796194
6.0994716
8.717045
4.0456157
3.4555392
8.987317
6.973334
4.987281
18.707954
17.067814
4.3112664
6.515184
8.772464
11.979397
7.4549794
3.924773
4.315822
9.888017
1.0318334
6.142578
5.715322
5.3472705
13.760813
26.098064
3.0604544
4.994768
4.6053767
4.6835427
7.805497
4.3873386
3.0921364
6.0298223
3.8410172
7.956294
14.860079
3.1706939
13.401199
5.6056166
3.9878497
2.7072344
4.2036705
3.2596335
5.1840053
3.628538
4.8900824
4.213638
5.719628
5.61503
4.29659
5.002707
2.873276
2.3803456
21.316319
4.3784733
6.0457697
3.9064293
4.752677
10.972861
4.199528
3.6382883
5.307994
3.0790935
8.610728
9.50079
5.87294
4.8873587
10.53204
3.722735
4.5257573
4.3506613
3.9012897
4.7935634
6.056322
6.6555715
7.720679
8.280614
5.8279133
5.8386445
6.130992
4.326355
4.927959
3.0520372
2.2543905
3.6789613
2.0401444
3.1694221
14.7317295
9.986205
2.9028668
1.4453087
2.4491804
1.7392603
4.4367504
4.4517813
4.79391
4.5174866
15.157061
9.723456
1.3433901
3.684504
8.735575
5.4486713
2.7694519
3.4264026
3.354334
6.142355
4.0509953
4.643489
4.8794374
3.4213803
5.2048
4.6179304
1.4947159
4.2116704
3.2878184
5.7260313
1.5067754
2.0367036
2.5070238
1.3434635
3.7704406
7.5028157
7.5989504
10.704934
2.9732168
4.284315
8.096977
4.252241
2.6864765
6.839333
3.3620496
3.4037282
3.240785
13.809189
3.0679536
4.6838965
11.561988
5.3516116
1.9175717
2.8821323
5.4714484
3.350911
7.496664
10.8603735
6.2881627
7.5747633
7.0298095
2.071697
5.3991327
5.0470133
5.739195
3.7943373
2.812073
17.311007
2.91331
3.7035735
4.9714675
2.7581787
3.5371313
2.9509819
4.8708186
5.284864
7.9154973
6.1094894
4.2171693
3.613733
3.8426814
4.469271
5.8877845
4.874566
3.1303926
2.3302414
3.0403962
8.892875
8.667072
8.259599
4.9977884
3.1335998
2.6150763
2.9313743
2.3575654
2.7379074
4.347885
5.724286
2.6513355
3.9961076
1.5740268
6.738228
2.2430196
1.1461426
5.8699245
1.6184984
5.894046
2.724424
5.1916175
3.101954
7.1655173
3.8165097
3.9061916
1.5694649
4.371804
5.745938
1.3907948
7.8558073
1.8767264
4.7210903
3.8829703
11.685945
1.874573
14.001049
6.8320622
5.4251804
22.68607
11.696008
1.4567534
2.1138709
2.8867476
2.8475792
3.2533472
7.809621
6.122299
1.6726767
7.689185
2.1549387
9.416182
6.600188
5.379604
4.8559165
1.2612785
8.486192
5.0949554
5.564911
2.7899718
7.494084
16.509275
1.3928682
5.026507
7.954114
1.3886808
11.495833
0.9653717
3.7845223
3.5147502
5.1274886
0.9086992
1.4765618
1.3365932
1.2840214
1.3089137
0.9485808
2.9237983
6.712602
0.90309614
4.8756633
0.6454414
0.4173562
7.690818
3.2105148
2.9938805
2.130061
8.117914
2.4653997
3.3646424
3.9898062
2.3701866
2.8979714
6.0445886
4.0369134
1.3971964
8.465226
13.00631
6.6586056
9.80844
4.2720423
4.538947
4.377131
8.496614
4.477655
3.5914052
6.656083
5.2163086
5.137704
3.547852
2.27238
4.8999434
4.9544053
4.7166057
3.8847735
2.2063878
8.733377
1.8636881
4.9467144
8.758302
11.578999
0.5335198
7.3062997
15.839944
2.2265604
1.1982678
1.2752916
13.721237
0.49362057
1.6129252
10.642043
3.51224
10.650263
7.4981966
4.8776345
2.6292255
4.1393294
2.1825688
0.22604671
1.303511
5.8329535
2.2154968
4.2801547
6.632975
0.59695524
2.6058052
2.591205
5.040173
1.5099556
18.977911
2.6764882
2.3631709
4.4786105
5.894145
1.7807968
5.78017
0.6545334
4.6051517
5.3244424
3.578915
6.2825146
4.857058
4.8066416
5.2508264
2.1780353
3.6052332
5.4437723
3.446588
17.127634
3.789211
12.27793
6.7589154
3.275785
2.3421507
7.8703027
3.8549423
6.5716043
5.1895876
4.408229
1.5117681
1.6746078
8.389028
7.1850214
4.290929
4.2237945
3.9967422
1.1834512
0.6326341
1.4168198
2.3197865
1.015631
4.296122
3.1293535
5.759318
2.0908852
3.6915407
1.4375616
9.620931
4.7462444
6.303724
3.8081863
2.5409384
12.416422
1.3266932
4.145987
2.7305353
0.71700215
5.648132
4.120181
5.241486
8.331315
6.617042
1.8273065
5.1703687
4.0992527
4.2273755
3.1118224
4.379829
7.79716
3.174304
14.393199
5.511392
5.7445974
1.8575127
10.866445
3.8445897
3.0318773
4.948861
4.313813
4.0746617
5.6595035
2.8720121
6.2933273
1.1668245
5.4603744
3.856685
3.0786796
4.2295237
3.496173
3.5426068
6.030136
2.8543913
5.034346
10.3632
4.001621
7.7307963
3.8748496
4.4426208
2.9190056
3.6779642
2.4551969
4.755386
4.6573777
3.939641
2.0929089
3.061824
3.8109944
3.7392042
1.1907308
3.6607049
1.3057598
4.871854
5.917215
2.6040246
4.747825
3.6479037
3.1894653
2.9990714
5.67143
1.0882729
5.909693
4.791412
2.221549
6.629686
2.7779355
6.804738
4.8677206
3.3343756
8.265536
5.795188
4.0827165
4.0026956
21.414614
1.9617951
4.9935393
3.0719087
9.170802
16.983953
2.6996024
15.145343
9.677874
1.7341443
1.9106096
8.901692
5.1420817
9.852542
5.579198
2.7847526
3.8998902
2.6679814
2.956107
3.1484675
3.3346994
6.507569
3.8291183
4.4764943
2.5171685
2.2612085
3.058996
7.79205
2.2578552
1.3743055
2.681778
1.8130308
11.881063
0.23306279
3.1299431
3.3570197
3.3975265
4.556693
14.74704
2.1593087
2.9346962
0.9019604
4.140595
1.985727
5.7965236
8.1813755
4.3151402
2.7509558
3.0906892
5.2253113
4.0542183
6.036711
4.514219
7.2179127
2.3895674
3.669247
5.151499
3.3396304
5.5310354
5.6645236
3.4682765
4.4514775
2.7218976
3.5779002
3.040328
6.5276036
0.9728546
6.7426853
3.9159763
4.2856965
6.809324
3.464989
7.3781123
5.782433
2.483484
4.8084607
5.744016
3.5882845
2.470044
9.130071
7.6913314
3.898846
3.098016
3.6364455
3.6082203
3.6538932
4.081218
2.976729
6.6937504
4.4843345
4.158325
4.6407804
3.8562438
11.939561
2.1246858
4.679736
10.317971
0.89989364
18.177868
2.6125832
3.8920805
1.028644
4.7916274
3.4535837
17.823975
3.589533
4.09739
1.6211114
5.9886703
2.1453772
3.301179
4.0093045
0.9754575
7.5562344
7.8501368
13.6452675
1.4627984
1.6733978
2.0405695
5.899788
7.289986
1.2543194
4.3851633
3.3665621
7.370877
1.8825564
3.1742857
1.1670077
0.25240606
3.3401055
1.7350647
3.6309507
10.009016
4.177005
1.4039752
2.9664512
0.6270373
2.2087247
3.186992
3.5813365
2.1602454
9.7402
2.7871819
6.5843554
2.8643608
1.389159
0.3427516
1.474072
0.4617383
1.0343
3.2929323
2.422051
2.5704367
4.6834216
1.6863894
0.53425974
0.38799623
4.602745
2.8405867
7.174022
5.0726314
2.5891414
1.2727658
0.6847575
5.1007066
8.293061
1.9027363
6.861884
4.17426
5.0233026
1.2589076
6.2795744
2.8087997
0.51490915
1.1551175
6.003186
2.2596884
7.468125
3.1254075
2.5817158
12.838353
6.679008
0.7017046
6.437273
0.6530647
3.7326686
0.63425714
3.7094758
0.8874054
5.089925
2.1783142
2.878464
7.2205143
5.3605285
0.66808933
4.068759
0.35917225
6.640139
6.8034296
4.284662
1.6115053
4.3363147
20.450117
0.4975902
0.48328242
4.04221
0.22578268
2.2889297
0.5653469
5.7091064
3.461921
1.1645839
3.1006286
0.78150445
2.783741
0.98686755
2.7844975
13.270508
11.242497
3.4372656
0.7755835
2.5838537
11.965091
5.232959
4.3289123
3.833611
2.5926597
8.021529
7.1291556
4.701746
1.3225318
0.6730882
1.6639555
0.47098002
9.254315
3.005923
3.2026668
0.6848818
0.9101845
4.240384
4.8362885
7.0230145
4.3727007
1.2854702
2.2023091
9.728225
6.114163
3.0494194
14.877974
1.9178631
5.165767
10.294451
6.2427897
19.616854
2.9022703
8.997205
5.104117
3.8956575
7.5889006
11.024271
7.471176
1.842448
2.8021982
4.2062593
2.2146327
12.061154
1.5337375
1.6559379
1.4960955
13.33253
5.9707747
3.722914
6.6949635
2.6438177
1.3359869
6.1763716
16.015821
4.1305985
1.5424075
5.3917804
8.644655
11.769624
7.0696096
1.57231
0.7756844
6.0855823
5.386055
4.506197
4.653902
6.523652
2.2231781
6.107997
4.036319
6.0139804
6.6753674
1.7022197
1.3188645
6.751513
4.640702
1.1051407
2.7516985
0.50166786
4.0188446
9.265146
4.0972285
2.37333
5.641989
11.488013
5.235733
11.732834
2.741627
5.732476
4.720529
4.486786
5.2119427
9.852844
3.2037528
4.9645743
4.2596292
9.546899
2.5539768
1.4975864
8.06522
4.6257625
5.641508
13.745908
7.74251
4.8119307
5.222549
2.3287108
4.649177
23.065779
5.356975
2.5328186
3.3458722
4.2708178
3.8621833
15.032382
1.640274
2.8624403
9.053991
4.1236606
10.805756
2.7765155
4.143992
7.4308286
3.433025
7.1368074
8.56014
5.0540395
3.2250228
3.9621425
4.94456
2.7665644
3.8871691
5.7914853
10.434617
7.80552
6.830301
17.701132
2.0523276
8.955798
16.58686
11.84458
6.7031193
5.3490424
5.8338313
4.5266476
6.630598
6.7742352
12.300708
8.533347
2.7229505
9.395739
9.902582
5.9954944
16.460293
6.4639697
4.0574193
7.1631393
7.3918686
8.621804
3.7181385
5.61512
17.54537
5.202568
5.293935
5.603267
4.2221646
6.717042
4.9117765
12.559564
3.6276934
7.4877667
3.8907893
5.898475
4.6159143
4.040467
4.02902
3.8733792
3.622331
3.418835
8.917639
4.722138
3.5581334
2.8129396
2.6241052
8.993404
4.76346
5.6731644
3.7161953
4.4343476
12.134525
21.196318
2.5970013
5.493879
6.4525886
10.771972
4.641795
2.860295
7.774994
3.7903492
4.303251
4.634456
7.2705674
3.9952104
4.8759384
4.2439475
3.7274485
5.047067
2.7318244
3.172634
3.3424962
3.6036222
5.251814
10.222465
3.2545953
1.6622568
4.2539797
2.6458354
2.5341775
4.250569
2.7189665
3.2763715
2.5837145
2.919923
2.2927015
4.154865
5.3327484
2.0316021
3.6894758
1.3202679
3.363754
5.7168055
1.7421147
4.1720004
19.286583
11.879495
1.8556592
8.832088
6.962753
18.444057
2.5129747
4.331662
3.667871
5.246496
6.193198
2.3985634
3.4803808
6.7644863
6.422762
4.051999
1.4937494
2.5253942
2.7377744
1.0920117
2.852897
7.098071
14.309169
5.267611
3.0174062
6.4740577
1.883211
2.6804543
4.128382
2.65309
10.291609
11.164517
2.2360878
5.1133146
6.962052
2.510697
18.618227
13.971753
4.516717
2.7894237
11.256122
3.061101
4.2559114
3.4955266
3.2860565
2.0198357
3.9150164
4.182208
8.7274685
5.060722
5.4435773
4.287757
1.4909751
3.970389
3.4448504
5.324727
5.396465
6.182042
5.6638637
2.2677395
2.9250615
4.8823714
1.8379445
6.07982
2.0019658
22.306965
2.062192
5.9301424
6.6636324
5.831807
11.9837055
6.7594237
5.063331
7.7320933
6.7250967
5.369646
3.5871122
7.943991
9.814078
12.96146
3.0104945
4.336257
4.9626412
1.8273195
4.487917
6.3034678
3.7105756
3.6893966
7.379672
11.017794
2.9372115
12.579756
9.722561
6.3516917
6.830636
3.6113882
4.449631
7.0643873
9.857915
4.8541226
11.08473
3.2525535
2.6368804
3.856057
7.338785
12.157762
2.9642408
5.06351
2.744967
11.688764
1.762577
6.6829233
2.3920202
7.837026
7.1570067
8.429296
5.813508
9.693263
4.460123
2.2171593
9.496535
9.459158
7.3030834
2.611876
11.759717
3.8473704
16.321388
16.768969
3.3492131
1.9396076
8.363423
4.5155416
0.94158214
5.166497
1.8237917
3.5366952
2.382917
1.881955
5.055998
9.474973
3.980064
2.967731
6.647739
6.115958
11.639844
8.813001
11.295694
1.8256164
4.9588017
5.6519713
4.527746
5.6710186
5.382952
6.085478
1.4912925
9.531275
1.6456264
5.0835214
6.9261627
7.8975806
6.548445
3.558391
9.105228
4.236163
3.0241544
5.574926
5.167625
1.7139542
5.874904
6.698492
4.041148
3.2042243
2.0246289
10.26169
4.8816113
2.1608107
7.198404
2.7249408
3.4507744
12.001918
14.845371
4.31585
1.9260525
3.9843903
4.2912045
17.446672
3.8576798
9.916112
1.9365888
5.1411557
10.622541
5.5907407
13.838483
8.154527
5.5064178
2.3248136
3.4368908
3.2036982
7.6733027
1.7403624
13.957891
11.521866
13.033499
5.5986857
5.9287896
10.534746
5.628942
6.301706
4.757207
12.860389
7.126981
6.8316474
5.0908656
21.099447
19.572847
3.3562253
13.488557
3.8920984
4.470407
9.506217
6.971124
9.002418
5.098296
5.2752585
14.650123
2.064754
6.929718
3.578154
7.382649
7.6738133
4.468889
2.5685325
7.46051
7.6937046
6.485486
9.209475
9.172272
3.7630043
4.410629
5.603487
6.9304485
5.569341
4.2669067
23.031038
7.688828
4.7299237
5.132513
6.822133
3.7398844
4.425417
3.7135193
3.5356178
3.2222319
6.475592
2.7530622
10.158512
11.465381
5.005074
3.9169402
3.8358686
2.624954
3.0283659
4.6727533
14.170573
2.8199124
3.3318374
2.3985584
4.0406203
2.7659564
1.6151208
2.2099686
6.3966136
3.802621
1.4764543
1.1708362
3.502578
8.163431
2.9826787
1.0389795
2.0753627
3.6157944
15.157622
1.3557315
7.412296
1.2958679
0.953392
29.568686
2.910611
5.518074
1.7500969
1.8823534
3.9895222
1.4477735
1.1709801
2.8523026
3.0444822
2.0308156
1.1078067
2.6323807
2.2071147
3.5196645
3.9292874
2.9020014
4.412345
1.5765461
4.6470747
1.0146312
1.2164077
5.2950034
3.1976018
0.88645524
1.089035
3.4024436
1.9050785
5.3878794
4.5651135
1.5549314
1.7739855
3.5057237
4.1628585
2.8200715
10.76842
4.2880316
0.713574
0.96933776
1.5806198
0.40647018
5.368047
7.7181168
6.012594
1.8483831
5.2437725
2.0684628
2.1809611
2.6502101
5.382315
0.71676
3.9414375
1.6324639
5.0314794
7.869687
1.7647637
4.1022415
1.2950395
5.232208
2.4934618
2.8403375
6.266331
1.7753061
5.225553
0.14826651
2.0978293
4.6766305
5.1535144
9.309584
10.983302
2.4298596
3.1795313
1.8798327
2.8701894
2.460186
4.9885325
3.6873612
4.2510715
3.966176
4.4733005
1.0229112
1.2677046
5.6613474
7.266288
5.080375
5.1838665
4.9777083
2.253383
2.3249366
1.8494409
6.417547
3.2817786
1.9421779
5.6322083
3.4138587
2.5651648
3.9755971
3.3843985
1.841558
0.9430998
8.669901
4.209004
3.669689
11.444859
1.5968323
3.569251
0.7836058
2.8341699
1.5054735
2.6542413
6.841895
8.243569
4.3130097
13.487321
6.103301
2.6827354
5.7521005
10.274098
8.853681
7.130392
3.4845088
6.3368945
4.8749967
5.364603
4.2882204
6.7166705
1.5352745
3.2672117
2.209998
4.5443377
4.2838087
3.8807096
3.8592224
3.9647603
5.759312
2.6174545
4.626212
3.4747875
4.0394387
5.9115076
2.260701
13.692321
5.9584217
10.43149
3.2345002
4.0252967
3.8108993
3.6327064
1.7469163
4.6954856
4.044593
4.6515927
2.9333174
3.7161627
3.8504665
5.073866
4.037303
5.427985
3.7988374
3.663364
13.4517565
5.571933
3.9071472
3.0407624
3.5176501
5.3115373
2.0195885
3.653316
7.872489
2.9218242
1.255446
6.461791
1.6754264
7.6032968
9.494325
5.861892
3.4678738
5.346623
1.690433
4.46691
2.095716
3.8711245
6.0229383
4.187904
1.8414999
4.2220216
2.795642
3.5151343
1.8514606
5.6173763
3.9543524
3.8887148
3.182222
4.680153
3.3485045
5.0258875
3.7488725
2.4300058
3.216146
6.3328843
6.7097707
2.8002357
4.117675
6.271419
5.1799283
2.1172388
4.037145
4.1007504
5.8179655
1.7515824
3.7007082
5.141031
1.5930802
4.6125426
3.5089545
9.27287
2.4704933
3.3282647
2.7926662
3.118896
9.094721
2.7894208
5.817433
3.1579542
16.006618
2.971606
3.7461767
2.8949172
2.3474576
2.9381664
4.960886
3.1673768
3.318273
3.3149424
3.2659774
2.7542043
5.431393
1.9511527
4.024352
3.3766491
1.690892
2.9280028
4.1571174
1.8017447
3.9398954
1.6300324
1.6070354
2.0868144
3.4452662
1.9244847
3.5924668
14.57264
3.7425916
4.4888067
0.5906251
5.9459248
13.917207
3.0731566
3.2106009
1.899832
1.3824573
4.1668973
1.6375343
17.067139
3.7512858
5.338261
1.8223531
3.7139282
4.345651
3.240877
4.641713
1.389534
4.024921
3.9598835
3.2243261
2.0397232
4.64625
11.869485
0.107647896
2.9200528
7.2739706
5.002911
3.948249
18.982105
0.5072748
3.1989884
3.0018106
3.158189
3.2542803
1.4596432
1.2170595
4.674402
3.4508066
3.9705873
2.1272008
2.6795146
3.205217
5.0949016
4.3991556
1.8418025
6.737492
11.496204
10.521056
4.515254
1.3154861
3.1857963
0.79589164
0.5617764
0.5070851
0.25641993
4.727948
1.1848997
3.1669478
6.339188
1.0577664
1.404798
0.13961948
1.8382077
3.445155
3.3316615
6.7187405
2.6016717
2.524455
9.140844
1.5494562
1.8133807
4.672004
2.7540941
11.775328
3.5486684
2.5488918
5.6083746
3.110063
1.0829512
4.779576
2.7761397
1.6005481
0.7096993
1.4937243
2.2045557
1.7155418
0.927287
4.1270914
8.916001
1.4409268
2.9923193
4.089048
3.3775868
6.681305
2.1411898
1.9070379
7.106865
1.4865692
2.798077
2.0630095
2.4214149
1.5959852
3.4222739
0.51523626
2.2928658
1.5316314
1.1632296
3.0061107
1.1275744
0.4537236
6.397948
1.0119739
1.2648182
0.19447367
0.6663596
8.543597
0.8224228
0.607798
2.686866
6.7221293
1.1443524
0.71934986
0.33825794
0.8431934
3.2586267
0.6062372
0.28394988
0.7465238
0.1400402
2.6159563
1.9430455
0.784656
0.31433997
6.6265826
4.4229035
0.7251955
0.76980984
0.52740866
0.30301479
5.1557293
0.5711309
0.4573489
7.9882407
0.5948785
0.30603024
0.30071813
0.5128735
1.4190221
1.8267697
4.249051
0.059025384
0.50448453
0.9566631
0.35924974
0.1333827
2.1632874
4.13947
4.5231757
1.502189
2.456337
4.057461
8.419033
6.049545
0.6704272
2.4012897
0.13096538
4.2361608
1.2403494
0.50373095
2.8329418
8.4784355
1.5001825
3.9096434
5.678831
5.4313984
1.1529192
1.3908677
1.3103503
2.3641863
1.2226775
1.3547765
2.2288697
3.357044
1.532207
0.8947605
1.1520798
0.43351898
4.011144
0.530825
0.66676825
0.42887837
3.1928098
1.0437691
1.9585915
4.286393
0.8018679
4.0287232
0.99371445
1.0348845
0.4459388
0.1592909
3.3420694
1.876461
4.653436
3.8701298
2.2236183
5.0577364
3.8727918
1.096741
7.159508
1.9216744
1.1438125
1.5018977
1.058293
0.37328053
6.1323676
3.704079
0.7410675
11.215933
1.4423575
2.142185
5.507577
0.64291066
1.866646
4.352904
3.3040335
0.9914424
2.7739007
1.9552891
2.0835261
0.92805547
3.486928
4.4565463
0.48077312
0.57938486
3.4689338
0.6872681
0.22585663
0.5035947
4.5409718
1.0363734
4.169274
0.49568012
0.39555767
0.402528
0.5370815
4.48942
2.246009
4.07397
1.9387145
3.5495515
0.12984172
0.75398624
4.2506986
1.1212767
1.0950266
0.9404463
3.2461236
0.36009315
0.38091972
8.557516
1.2528074
2.7367578
0.046280045
1.0155131
0.04506828
11.580258
3.1397781
5.54981
5.361729
4.549211
2.8671484
1.4145168
3.83178
4.1279807
3.429522
6.087222
2.6241097
6.4291587
2.017072
1.3726285
1.1642148
6.9099517
6.8441467
0.4942202
1.8905102
0.7868487
4.1226096
2.32955
1.066628
0.659408
0.80364627
0.034140896
1.7083378
2.053987
3.3520944
3.2945993
2.038564
0.9136437
0.26063684
0.77927154
0.15089954
2.465873
17.622375
0.44813675
6.859543
0.5393168
1.2840581
2.4681375
2.171304
3.7005303
3.0875783
2.2979228
1.8450086
1.974869
2.1348128
2.9432275
1.8043064
3.9182827
3.0139115
1.6388373
3.7036188
1.6803087
3.6950243
1.279335
1.3386697
1.8509747
6.796428
10.261451
5.503367
0.28181893
2.148366
5.9514003
7.6836305
4.5199046
5.1579757
1.7506973
2.1932898
8.154659
0.71439
2.3054636
2.5684822
0.79290783
2.3059082
1.2380108
0.8882591
2.561177
18.978432
2.1455407
4.189456
0.60787845
2.536927
0.62613416
2.7076256
3.3966892
4.6766634
4.228843
2.4913187
0.19227205
1.3978754
0.5550918
2.6230302
1.5188876
6.9397173
1.6948636
2.2446249
1.7658595
3.9070175
2.0620115
1.9403569
3.0617435
1.1874686
0.6849286
0.025589446
1.9596897
2.124651
0.023945952
0.43504006
3.4705315
0.5982764
3.5408368
4.8891664
0.5515851
0.92998797
4.295273
1.2757163
1.1870192
5.0480957
3.8896887
1.2519406
3.9636948
0.8608573
3.2097855
3.4067774
6.176257
2.4136229
2.9723094
0.28022805
6.8526397
0.14289108
4.574498
0.91631037
0.105254166
0.026180383
0.025897117
0.9945841
5.899322
1.5439166
0.16570741
1.4837577
6.459624
3.4694014
0.6419291
2.1988657
3.4368744
0.66940665
1.0454668
4.857598
19.192024
0.81367815
0.65618724
0.8889363
1.202376
2.1775193
1.3068141
2.3576598
0.4657734
0.40534648
0.4494214
0.42773402
0.6009524
0.9735878
5.334523
2.9584296
0.24958052
0.62236077
2.0924847
2.3057365
1.2267268
0.120472245
3.1512222
1.3659793
7.3426237
0.5853023
0.49630368
4.1498346
2.266487
1.2604944
2.9211755
0.19505276
0.9488792
0.7602659
0.6686261
2.9396765
0.05534242
6.6638193
0.2151719
3.8862507
4.6335535
11.194992
4.581613
9.465662
1.1820531
0.640148
7.144313
0.6176001
4.2628245
0.48209202
1.5381567
1.1729773
0.8776844
0.11289652
0.024151897
2.802124
2.1435106
3.821606
2.4939427
0.13008645
4.432579
0.42614707
0.5556981
1.0358503
0.5642417
0.86775994
3.4198787
0.06481181
0.4240571
0.55035216
0.45706144
0.2537919
2.5530882
0.8362964
0.41775703
2.4358099
0.65125763
2.2816505
2.9962373
1.1598873
0.9597479
1.1893532
0.03984444
1.0036824
0.66430956
0.92752606
1.6624312
3.1710536
3.9966998
0.59258324
6.519438
0.40263045
5.90166
0.109353326
0.46844608
3.2202458
1.1104577
0.090227626
7.359717
3.9465952
3.7615805
1.0691528
9.258242
0.9832669
0.56856084
1.1327875
0.029642357
3.0640972
2.2461808
0.45124528
0.019522158
2.6158626
4.059844
0.6416754
0.5295811
0.048994362
0.27146176
3.356997
0.58805305
0.1737133
0.10421343
5.444107
0.9818409
1.9785818
0.48074266
0.4357209
0.6021173
1.3843961
2.009182
0.091047674
0.29531902
6.325631
1.6376933
1.2177643
1.0643421
0.17293245
0.03416679
0.021848552
2.914699
1.3864878
0.21973565
1.5820845
5.9315434
0.52612
0.11393071
0.029676963
7.5026956
1.7614192
1.1350046
2.6536708
0.6576747
10.235217
0.59624493
8.266196
6.7373724
7.815266
0.9391236
0.7282841
0.071429454
0.16034465
5.4888167
0.02000474
3.3137639
1.7338188
0.66675794
4.7438116
0.086002834
3.0946307
7.8521776
1.1364675
0.7604714
7.1322293
0.29918483
11.528171
0.95737106
0.55380946
5.3482575
4.300341
3.5442035
0.45094255
0.95665336
4.2324185
5.963738
3.8812437
1.2731941
18.251469
4.471864
0.7600481
3.041758
3.1203508
4.4512453
1.9887942
2.6978567
7.3719983
6.5200553
0.86052215
2.278169
3.0296552
5.446607
3.3340127
0.60258746
3.2843707
0.4727045
5.274438
0.6360566
2.740954
3.203412
2.3512635
1.5888292
1.1554112
0.97210014
1.6409739
5.965305
0.9258797
0.44038686
1.1523217
0.0324109
8.804565
0.7827236
1.164227
1.2731682
4.9040523
0.48022524
0.60639507
0.8422802
4.8844247
0.07644777
2.8721685
0.6792525
0.3226073
8.348865
7.670558
1.1726006
0.21997575
0.6917808
4.461581
0.9245056
0.1305702
1.5788866
2.398529
0.6191598
5.8007336
1.7582557
0.6827106
1.0062662
4.9791417
4.3388147
0.18741204
4.8371415
5.299372
4.332309
9.352476
0.23007663
3.7810616
0.11459123
0.4321332
12.74261
2.1360788
0.5502892
0.90852684
0.44479
5.930119
0.7902622
1.1276723
0.28331098
0.012050281
2.5990226
1.1167984
7.5526156
1.1042798
2.0428255
2.6062214
2.799333
1.4440726
0.6169875
2.7182639
6.1667657
0.8988019
1.38591
2.7499452
1.9976562
0.992288
0.67111796
0.4021522
1.360056
2.9206991
3.5352314
1.1987187
3.7798817
1.8232994
3.1374292
3.3328407
1.5076386
1.1956742
0.5125257
0.32358548
0.2928041
0.71640474
1.2456758
1.1703404
1.6502243
1.1521668
0.03640188
0.6927403
4.0765753
0.099873185
1.8055958
0.41262123
4.7305026
0.8308212
1.5671328
6.103516
2.77665
9.117789
1.3208554
1.7263744
0.62723386
4.424522
1.6071572
1.9414104
0.9506978
1.4411056
0.041307643
4.9755125
0.5400419
1.8921504
0.43211326
0.93396
5.4659114
7.8410506
4.1388755
1.2168397
3.1276896
1.987552
2.5570085
2.0953372
4.1756163
1.3728578
0.523826
3.973225
2.5199373
1.1634084
1.0849553
5.2276015
1.2015959
0.9370418
1.4963344
1.1778207
0.887398
