-0.050952382
-0.24714285
-0.24714285
-0.14571428
-0.26619047
-0.16619048
-0.29
-0.24190477
-0.15714286
-0.1947619
-0.15238096
-0.18952382
-0.15238096
-0.17047618
-0.20333333
-0.23380953
-0.08571429
-0.20428571
-0.27095237
-0.1952381
-0.24333334
-0.10428572
-0.23809524
-0.23761904
-0.26619047
-0.11333334
-0.29
-0.24285714
-0.22714286
-0.23761904
-0.31333333
-0.24238095
-0.24238095
-0.27095237
-0.2657143
-0.24238095
-0.24761905
-0.1852381
-0.18952382
-0.114285715
-0.27142859
-0.26619047
-0.24666667
-0.061428573
-0.26619047
-0.29
-0.19
-0.29380953
-0.21428572
-0.11857143
-0.3138095
-0.24238095
-0.12857144
-0.2657143
-0.26619047
-0.18904762
-0.24238095
-0.29
-0.26666668
-0.25666666
-0.25666666
-0.17142858
-0.07095238
-0.23761904
-0.25666666
-0.16619048
-0.113809526
-0.26095238
-0.21428572
-0.19
-0.31809524
-0.1995238
-0.27095237
-0.24714285
-0.2942857
-0.23333333
-0.26095238
-0.22380953
-0.21380952
-0.26619047
-0.2657143
-0.24285714
-0.23238096
-0.27095237
-0.26619047
-0.24238095
-0.23761904
-0.24238095
-0.25666666
-0.23809524
-0.2657143
-0.31428573
-0.21380952
-0.23761904
-0.1947619
-0.2657143
-0.2
-0.11333334
-0.18952382
-0.1947619
-0.23714286
-0.19
-0.2752381
-0.20904762
-0.18095239
-0.3138095
-0.23333333
-0.24666667
-0.23809524
-0.25666666
-0.10904762
-0.1904762
-0.19904763
-0.18952382
-0.2657143
-0.21904762
-0.1952381
-0.21333334
-0.2857143
-0.23714286
-0.26619047
-0.24714285
-0.24285714
-0.20952381
-0.24190477
-0.24714285
-0.31857142
-0.113809526
-0.19
-0.16666667
-0.16190477
-0.24238095
-0.22238095
-0.28619048
-0.11809524
-0.22285715
-0.3090476
-0.2657143
-0.2809524
-0.2942857
-0.26619047
-0.26761904
-0.14238095
-0.21380952
-0.24238095
-0.31428573
-0.2752381
-0.21904762
-0.24190477
-0.26190478
-0.23761904
-0.2947619
-0.26619047
-0.23761904
-0.27095237
-0.29
-0.18476191
-0.2857143
-0.24285714
-0.18571429
-0.1947619
-0.26619047
-0.2657143
-0.26142856
-0.2657143
-0.09047619
-0.3090476
-0.2995238
-0.19
-0.12809524
-0.31857142
-0.2657143
-0.21809524
-0.23380953
-0.26619047
-0.21380952
-0.26619047
-0.21809524
-0.23761904
-0.26619047
-0.24190477
-0.26666668
-0.24666667
-0.14142857
-0.10904762
-0.26666668
-0.2857143
-0.19380952
-0.23714286
-0.19
-0.3138095
-0.26666668
-0.21857142
-0.2704762
-0.16619048
-0.23333333
-0.21904762
-0.23857144
-0.2852381
-0.29380953
-0.1952381
-0.24285714
-0.29380953
-0.2657143
-0.26619047
-0.26619047
-0.24238095
-0.31333333
-0.24761905
-0.26619047
-0.26619047
-0.2852381
-0.2704762
-0.23285714
-0.24238095
-0.3090476
-0.27095237
-0.18571429
-0.24238095
-0.21857142
-0.15714286
-0.26714286
-0.2942857
-0.26619047
-0.26619047
-0.31428573
-0.26619047
-0.2704762
-0.2895238
-0.26619047
-0.31333333
-0.2657143
-0.26666668
-0.21857142
-0.26666668
-0.2657143
-0.31333333
-0.21857142
-0.23714286
-0.2657143
-0.18619047
-0.23285714
-0.2942857
-0.18571429
-0.18047619
-0.31428573
-0.26666668
-0.2704762
-0.24666667
-0.2657143
-0.19
-0.2852381
-0.2704762
-0.13809524
-0.2652381
-0.27142859
-0.23714286
-0.29
-0.2704762
-0.14666666
-0.26666668
-0.2704762
-0.17571428
-0.26666668
-0.20047618
-0.3138095
-0.21380952
-0.26619047
-0.2657143
-0.2657143
-0.21428572
-0.30952382
-0.18047619
-0.24285714
-0.1947619
-0.24714285
-0.104761906
-0.25619048
-0.26619047
-0.21857142
-0.23714286
-0.26619047
-0.27
-0.16619048
-0.07047619
-0.31857142
-0.27095237
-0.2704762
-0.2657143
-0.13761905
-0.2857143
-0.2657143
-0.21285714
-0.20380953
-0.23761904
-0.21857142
-0.26619047
-0.2857143
-0.19428572
-0.21761905
-0.17571428
-0.23666666
-0.2704762
-0.24714285
-0.2652381
-0.31809524
-0.24619047
-0.29904762
-0.2704762
-0.27095237
-0.24666667
-0.2895238
-0.24714285
-0.22333333
-0.23714286
-0.26619047
-0.26619047
-0.23190476
-0.21380952
-0.17047618
-0.2657143
-0.24238095
-0.27095237
-0.26619047
-0.21333334
-0.24761905
-0.2704762
-0.16571428
-0.20428571
-0.2657143
-0.1947619
-0.16571428
-0.22333333
-0.2895238
-0.27095237
-0.21857142
-0.26619047
-0.2657143
-0.24666667
-0.29
-0.26619047
-0.26619047
-0.2752381
-0.24761905
-0.26619047
-0.1752381
-0.24238095
-0.2704762
-0.1904762
-0.2657143
-0.21380952
-0.19857143
-0.31761906
-0.2895238
-0.24714285
-0.20428571
-0.20952381
-0.24761905
-0.2704762
-0.26619047
-0.16571428
-0.27571428
-0.21857142
-0.27476192
-0.11857143
-0.31285715
-0.26619047
-0.2704762
-0.24238095
-0.1747619
-0.13380952
-0.24714285
-0.23285714
-0.27571428
-0.26619047
-0.26619047
-0.22285715
-0.2704762
-0.2895238
-0.27095237
-0.1904762
-0.19857143
-0.24714285
-0.1904762
-0.17952381
-0.1995238
-0.16619048
-0.2761905
-0.20952381
-0.20809524
-0.24238095
-0.19857143
-0.2947619
-0.1752381
-0.1995238
-0.3138095
-0.21857142
-0.24142857
-0.22238095
-0.2947619
-0.24142857
-0.2704762
-0.18571429
-0.23761904
-0.25142857
-0.24666667
-0.24761905
-0.17047618
-0.19428572
-0.27095237
-0.24666667
-0.21380952
-0.27
-0.24238095
-0.16619048
-0.09095238
-0.24190477
-0.3090476
-0.26619047
-0.1904762
-0.23761904
-0.27095237
-0.11857143
-0.22285715
-0.1995238
-0.24238095
-0.2852381
-0.24666667
-0.24666667
-0.1852381
-0.27142859
-0.2995238
-0.23285714
-0.2
-0.3138095
-0.13714285
-0.15714286
-0.14190476
-0.066190474
-0.23333333
-0.24285714
-0.24666667
-0.24190477
-0.16571428
-0.3
-0.23809524
-0.23761904
-0.24238095
-0.27571428
-0.21857142
-0.23190476
-0.23761904
-0.23761904
-0.1747619
-0.16571428
-0.27095237
-0.23809524
-0.21857142
-0.2704762
-0.19
-0.24761905
-0.24238095
-0.1952381
-0.22333333
-0.23761904
-0.23238096
-0.27095237
-0.1947619
-0.23333333
-0.20809524
-0.24666667
-0.2904762
-0.27476192
-0.27571428
-0.19904763
-0.27
-0.08952381
-0.23761904
-0.1752381
-0.28904763
-0.1952381
-0.24666667
-0.2509524
-0.113809526
-0.19
-0.24666667
-0.2904762
-0.24285714
-0.25142857
-0.24666667
-0.12761904
-0.24619047
-0.24666667
-0.22761905
-0.18
-0.25047618
-0.25666666
-0.24666667
-0.17047618
-0.12238095
-0.24238095
-0.19
-0.24571429
-0.18952382
-0.26619047
-0.2847619
-0.17
-0.2895238
-0.25142857
-0.2895238
-0.2657143
-0.24142857
-0.24238095
-0.1604762
-0.19428572
-0.31333333
-0.2657143
-0.27
-0.28904763
-0.2657143
-0.19809523
-0.1747619
-0.2704762
-0.24619047
-0.19428572
-0.29380953
-0.23714286
-0.19857143
-0.2452381
-0.19904763
-0.29
-0.27
-0.24619047
-0.2947619
-0.21809524
-0.12238095
-0.24714285
-0.2742857
-0.24619047
-0.30285713
-0.24619047
-0.24238095
-0.1852381
-0.27
-0.24666667
-0.29
-0.1947619
-0.1752381
-0.27
-0.27
-0.21761905
-0.24190477
-0.24666667
-0.24666667
-0.19428572
-0.2704762
-0.21809524
-0.13761905
-0.19333333
-0.19857143
-0.17
-0.16619048
-0.2704762
-0.27571428
-0.24571429
-0.29
-0.17095238
-0.27
-0.24190477
-0.14142857
-0.17952381
-0.22761905
-0.2942857
-0.24619047
-0.27095237
-0.2695238
-0.24666667
-0.2942857
-0.24714285
-0.2704762
-0.2657143
-0.24190477
-0.27095237
-0.2657143
-0.27095237
-0.25142857
-0.24571429
-0.2509524
-0.26095238
-0.22238095
-0.31333333
-0.19
-0.29380953
-0.21809524
-0.23238096
-0.19809523
-0.27
-0.20285714
-0.2857143
-0.24190477
-0.17
-0.24619047
-0.24714285
-0.18952382
-0.25047618
-0.2947619
-0.23761904
-0.20333333
-0.2657143
-0.24238095
-0.24619047
-0.24666667
-0.2947619
-0.2509524
-0.27095237
-0.25142857
-0.20428571
-0.26619047
-0.2657143
-0.2704762
-0.2657143
-0.24666667
-0.084285714
-0.2704762
-0.20857143
-0.22714286
-0.2852381
-0.2704762
-0.2657143
-0.24238095
-0.22761905
-0.24714285
-0.27
-0.24714285
-0.27142859
-0.27476192
-0.14238095
-0.28
-0.19
-0.21333334
-0.24285714
-0.2657143
-0.20952381
-0.26619047
-0.24619047
-0.24666667
-0.1647619
-0.2695238
-0.17095238
-0.2704762
-0.24285714
-0.19904763
-0.1747619
-0.2852381
-0.19428572
-0.24238095
-0.28904763
-0.22333333
-0.24714285
-0.29904762
-0.19
-0.11333334
-0.27095237
-0.24238095
-0.29857144
-0.2857143
-0.24714285
-0.22285715
-0.31809524
-0.23714286
-0.24714285
-0.28904763
-0.23333333
-0.27571428
-0.2657143
-0.24714285
-0.22857143
-0.27095237
-0.2657143
-0.25238097
-0.114285715
-0.2657143
-0.2790476
-0.24714285
-0.22238095
-0.27476192
-0.15714286
-0.30380952
-0.1652381
-0.21380952
-0.2509524
-0.22333333
-0.27
-0.2752381
-0.25714287
-0.20333333
-0.17952381
-0.2947619
-0.2752381
-0.20380953
-0.24619047
-0.24190477
-0.036190476
-0.27571428
-0.23714286
-0.2557143
-0.29
-0.20333333
-0.18
-0.12761904
-0.2995238
-0.20333333
-0.2509524
-0.2947619
-0.2704762
-0.24142857
-0.23238096
-0.16571428
-0.05047619
-0.26619047
-0.24714285
-0.24238095
-0.2704762
-0.22285715
-0.08904762
-0.22190475
-0.21857142
-0.27
-0.2704762
-0.27
-0.29
-0.24714285
-0.2704762
-0.19857143
-0.19904763
-0.24190477
-0.1604762
-0.24714285
-0.21809524
-0.18047619
-0.19
-0.23714286
-0.1852381
-0.16619048
-0.21857142
-0.27
-0.24619047
-0.1995238
-0.23761904
-0.12238095
-0.2557143
-0.28857142
-0.20904762
-0.22714286
-0.2752381
-0.24190477
-0.23142858
-0.31761906
-0.18952382
-0.16571428
-0.1747619
-0.2509524
-0.24714285
-0.07380953
-0.24714285
-0.2942857
-0.26619047
-0.24619047
-0.25666666
-0.27571428
-0.24619047
-0.2509524
-0.24666667
-0.25666666
-0.2652381
-0.25190476
-0.2761905
-0.0847619
-0.17047618
-0.2704762
-0.24714285
-0.12238095
-0.30380952
-0.22333333
-0.22666667
-0.24666667
-0.2895238
-0.24666667
-0.26190478
-0.2752381
-0.21809524
-0.2657143
-0.18571429
-0.2704762
-0.27095237
-0.27
-0.24714285
-0.27095237
-0.29333332
-0.27
-0.27
-0.27
-0.2752381
-0.24714285
-0.22714286
-0.27095237
-0.21380952
-0.06952381
-0.12714286
-0.21809524
-0.22666667
-0.31809524
-0.25142857
-0.2657143
-0.24238095
-0.24238095
-0.31333333
-0.16095237
-0.09380952
-0.24666667
-0.17047618
-0.1752381
-0.20809524
-0.2509524
-0.11285714
-0.31857142
-0.22285715
-0.31761906
-0.26619047
-0.25142857
-0.22190475
-0.1995238
-0.18952382
-0.23285714
-0.27095237
-0.21333334
-0.18904762
-0.19857143
-0.21809524
-0.24714285
-0.19904763
-0.25142857
-0.25142857
-0.19904763
-0.27095237
-0.19857143
-0.31333333
-0.12238095
-0.19857143
-0.26095238
-0.21380952
-0.24142857
-0.20857143
-0.12238095
-0.17952381
-0.25
-0.31761906
-0.19380952
-0.23761904
-0.29380953
-0.24666667
-0.25190476
-0.24714285
-0.2995238
-0.19809523
-0.26619047
-0.29
-0.19857143
-0.108571425
-0.25142857
-0.2657143
-0.2509524
-0.29095238
-0.16571428
-0.24714285
-0.13761905
-0.2704762
-0.22190475
-0.2657143
-0.19857143
-0.24619047
-0.26904762
-0.27095237
-0.117142856
-0.27
-0.24619047
-0.22238095
-0.27
-0.26619047
-0.23714286
-0.24714285
-0.24619047
-0.25047618
-0.2942857
-0.2657143
-0.2742857
-0.24666667
-0.29904762
-0.27476192
-0.24666667
-0.27
-0.24666667
-0.16619048
-0.21761905
-0.19
-0.3138095
-0.24666667
-0.27476192
-0.18476191
-0.14
-0.19
-0.2852381
-0.1995238
-0.1852381
-0.2
-0.1652381
-0.27
-0.21333334
-0.27
-0.29857144
-0.2657143
-0.24238095
-0.2704762
-0.23714286
-0.24666667
-0.28904763
-0.2704762
-0.29380953
-0.23714286
-0.2652381
-0.3138095
-0.27
-0.2652381
-0.2657143
-0.2652381
-0.31333333
-0.2695238
-0.29380953
-0.2657143
-0.2652381
-0.18952382
-0.2647619
-0.28428572
-0.2652381
-0.2647619
-0.31714284
-0.2647619
-0.29333332
-0.24619047
-0.18476191
-0.2652381
-0.31285715
-0.2652381
-0.29761904
-0.2652381
-0.20904762
-0.25904763
-0.27
-0.26857144
-0.2704762
-0.21285714
-0.26857144
-0.2942857
-0.26857144
-0.24047619
-0.1652381
-0.2652381
-0.26857144
-0.2695238
-0.18857142
-0.2647619
-0.29238096
-0.2695238
-0.24809524
-0.24
-0.24
-0.19333333
-0.28809524
-0.29285714
-0.2647619
-0.23714286
-0.23619048
-0.27
-0.19333333
-0.2642857
-0.24
-0.2452381
-0.2447619
-0.27238095
-0.26333332
-0.25047618
-0.28809524
-0.20523809
-0.31238094
-0.25
-0.26857144
-0.24095239
-0.27809525
-0.19761905
-0.23142858
-0.2447619
-0.26857144
-0.29190475
-0.21761905
-0.27190477
-0.29666665
-0.23904762
-0.26666668
-0.19285715
-0.22
-0.26714286
-0.2447619
-0.24428572
-0.27333334
-0.18761905
-0.23571429
-0.24
-0.2252381
-0.2152381
-0.23523809
-0.1604762
-0.27238095
-0.27238095
-0.26714286
-0.14619048
-0.23523809
-0.18761905
-0.24047619
-0.24761905
-0.26761904
-0.27142859
-0.31904763
-0.24857143
-0.22571428
-0.18190476
-0.22857143
-0.24761905
-0.29095238
-0.19761905
-0.24761905
-0.26809523
-0.2642857
-0.27666667
-0.24380952
-0.26666668
-0.28238094
-0.24380952
-0.25333333
-0.15952381
-0.23952381
-0.23476191
-0.21857142
-0.24
-0.2761905
-0.25761905
-0.22333333
-0.27190477
-0.2904762
-0.27238095
-0.16333333
-0.24428572
-0.24809524
-0.29095238
-0.26190478
-0.2495238
-0.1995238
-0.29095238
-0.26714286
-0.23
-0.2247619
-0.27142859
-0.26714286
-0.29142857
-0.18666667
-0.29619047
-0.24809524
-0.21857142
-0.24761905
-0.29095238
-0.26761904
-0.24809524
-0.24904762
-0.24809524
-0.1695238
-0.2952381
-0.31809524
-0.23952381
-0.20095238
-0.19619048
-0.27095237
-0.27142859
-0.20666666
-0.20523809
-0.22571428
-0.27190477
-0.24904762
-0.15761904
-0.2447619
-0.26238096
-0.12190476
-0.17285714
-0.21095239
-0.17380953
-0.26714286
-0.24285714
-0.26619047
-0.29666665
-0.13571429
-0.25761905
-0.20190476
-0.24285714
-0.25428572
-0.25285715
-0.16333333
-0.24333334
-0.15952381
-0.23476191
-0.23380953
-0.28714284
-0.24285714
-0.2447619
-0.25238097
-0.16761905
-0.22
-0.27142859
-0.26619047
-0.3147619
-0.24809524
-0.25809523
-0.26666668
-0.29095238
-0.19619048
-0.27142859
-0.24761905
-0.24809524
-0.27238095
-0.23904762
-0.24333334
-0.2852381
-0.24380952
-0.24333334
-0.24380952
-0.25285715
-0.24285714
-0.27095237
-0.3195238
-0.27238095
-0.19571428
-0.24809524
-0.2242857
-0.24761905
-0.24666667
-0.23809524
-0.2904762
-0.27238095
-0.24761905
-0.2195238
-0.26714286
-0.24380952
-0.24809524
-0.23904762
-0.19238095
-0.24809524
-0.23476191
-0.20142858
-0.3052381
-0.19190477
-0.21142857
-0.24809524
-0.26809523
-0.27714285
-0.28619048
-0.19761905
-0.26714286
-0.19666667
-0.24809524
-0.3147619
-0.26714286
-0.2147619
-0.23571429
-0.24809524
-0.24333334
-0.24761905
-0.30095237
-0.26666668
-0.21095239
-0.15904762
-0.24857143
-0.24904762
-0.2538095
-0.24333334
-0.2761905
-0.24809524
-0.24380952
-0.27666667
-0.25333333
-0.26714286
-0.22095238
-0.26666668
-0.16857143
-0.26857144
-0.24333334
-0.25333333
-0.24285714
-0.27238095
-0.2495238
-0.24809524
-0.29095238
-0.24809524
-0.26666668
-0.23952381
-0.23904762
-0.27190477
-0.17761905
-0.24333334
-0.22952381
-0.2152381
-0.19142857
-0.2204762
-0.25809523
-0.11190476
-0.1952381
-0.16857143
-0.24857143
-0.26619047
-0.18714286
-0.29142857
-0.25333333
-0.23904762
-0.25190476
-0.27238095
-0.23857144
-0.29142857
-0.24380952
-0.24333334
-0.24761905
-0.2761905
-0.24857143
-0.24285714
-0.24809524
-0.24857143
-0.17238095
-0.25285715
-0.24809524
-0.19666667
-0.21619047
-0.18761905
-0.16333333
-0.24809524
-0.26666668
-0.2761905
-0.24809524
-0.29095238
-0.25285715
-0.24904762
-0.26714286
-0.27285713
-0.22095238
-0.2195238
-0.2957143
-0.26714286
-0.18666667
-0.17238095
-0.24809524
-0.24428572
-0.19619048
-0.32
-0.16857143
-0.25238097
-0.24285714
-0.075238094
-0.22904763
-0.24380952
-0.28333333
-0.24333334
-0.26666668
-0.18809524
-0.20095238
-0.17190476
-0.24380952
-0.13095239
-0.24857143
-0.24761905
-0.27666667
-0.23952381
-0.16857143
-0.27285713
-0.29142857
-0.25238097
-0.19142857
-0.24857143
-0.10666667
-0.27238095
-0.24857143
-0.24333334
-0.26809523
-0.24809524
-0.25190476
-0.25285715
-0.24428572
-0.27190477
-0.24809524
-0.24809524
-0.24761905
-0.23857144
-0.20476191
-0.29619047
-0.24809524
-0.25238097
-0.24809524
-0.26714286
-0.21142857
-0.23904762
-0.24809524
-0.25285715
-0.23809524
-0.19142857
-0.2247619
-0.25285715
-0.23476191
-0.24761905
-0.24428572
-0.24380952
-0.26714286
-0.21571429
-0.22238095
-0.29142857
-0.21571429
-0.084285714
-0.13904762
-0.24904762
-0.24285714
-0.24380952
-0.24333334
-0.22380953
-0.24714285
-0.24714285
-0.24238095
-0.25333333
-0.2952381
-0.26714286
-0.27142859
-0.25285715
-0.27095237
-0.18666667
-0.24761905
-0.2942857
-0.19666667
-0.19095238
-0.1904762
-0.2242857
-0.23904762
-0.21857142
-0.29142857
-0.19571428
-0.22285715
-0.26190478
-0.25190476
-0.24714285
-0.29
-0.15904762
-0.09142857
-0.2809524
-0.16238095
-0.19571428
-0.22380953
-0.3138095
-0.24333334
-0.27095237
-0.20571429
-0.1995238
-0.24190477
-0.24809524
-0.24714285
-0.23809524
-0.20428571
-0.24761905
-0.24238095
-0.21761905
-0.2952381
-0.1952381
-0.24761905
-0.1947619
-0.26666668
-0.19571428
-0.24666667
-0.24238095
-0.16666667
-0.20380953
-0.27142859
-0.24285714
-0.29
-0.20380953
-0.2952381
-0.17190476
-0.2761905
-0.24714285
-0.2857143
-0.25190476
-0.24714285
-0.24714285
-0.11904762
-0.24761905
-0.24285714
-0.1952381
-0.24238095
-0.24333334
-0.24714285
-0.14333333
-0.24333334
-0.29095238
-0.16761905
-0.19095238
-0.24761905
-0.24809524
-0.2809524
-0.24285714
-0.24238095
-0.25238097
-0.24666667
-0.24761905
-0.24761905
-0.24809524
-0.24714285
-0.1952381
-0.24190477
-0.24666667
-0.29
-0.25190476
-0.24666667
-0.19190477
-0.23809524
-0.21904762
-0.26190478
-0.16380952
-0.2752381
-0.24714285
-0.24238095
-0.2147619
-0.1904762
-0.17285714
-0.24238095
-0.24333334
-0.15285714
-0.2195238
-0.19571428
-0.24666667
-0.24761905
-0.24809524
-0.2752381
-0.25190476
-0.16714285
-0.13904762
-0.27190477
-0.24333334
-0.25238097
-0.19571428
-0.13428572
-0.21857142
-0.24809524
-0.24333334
-0.2
-0.24666667
-0.16285715
-0.27571428
-0.24238095
-0.092380956
-0.29095238
-0.19571428
-0.25714287
-0.24666667
-0.24666667
-0.2952381
-0.23857144
-0.24714285
-0.2704762
-0.1352381
-0.19619048
-0.1947619
-0.2904762
-0.17238095
-0.23857144
-0.25238097
-0.22952381
-0.22761905
-0.24714285
-0.1395238
-0.24333334
-0.25190476
-0.1952381
-0.17238095
-0.23714286
-0.2904762
-0.24761905
-0.23809524
-0.2509524
-0.2242857
-0.24238095
-0.19571428
-0.15809524
-0.24666667
-0.25238097
-0.24190477
-0.25142857
-0.27095237
-0.24666667
-0.2904762
-0.17238095
-0.1947619
-0.24333334
-0.22238095
-0.29
-0.24666667
-0.24761905
-0.19
-0.24761905
-0.21904762
-0.21857142
-0.29
-0.26095238
-0.17714286
-0.24761905
-0.24333334
-0.28
-0.26666668
-0.2852381
-0.22285715
-0.2904762
-0.26619047
-0.16285715
-0.2704762
-0.21047619
-0.24761905
-0.1995238
-0.24285714
-0.15714286
-0.19190477
-0.2
-0.16666667
-0.25142857
-0.23857144
-0.23857144
-0.1904762
-0.16714285
-0.27571428
-0.24809524
-0.24285714
-0.17142858
-0.27095237
-0.2752381
-0.19095238
-0.24714285
-0.23476191
-0.1995238
-0.24714285
-0.2704762
-0.24190477
-0.24285714
-0.16190477
-0.24238095
-0.24285714
-0.23809524
-0.24714285
-0.2704762
-0.25142857
-0.2947619
-0.24285714
-0.26619047
-0.17142858
-0.23761904
-0.2761905
-0.24238095
-0.15857142
-0.24666667
-0.16666667
-0.2761905
-0.20952381
-0.19904763
-0.21047619
-0.24190477
-0.24333334
-0.17142858
-0.24238095
-0.27476192
-0.24666667
-0.17142858
-0.2147619
-0.25238097
-0.14333333
-0.1995238
-0.08190476
-0.27142859
-0.24809524
-0.28666666
-0.24809524
-0.24333334
-0.24666667
-0.2704762
-0.23809524
-0.29095238
-0.1952381
-0.16761905
-0.24190477
-0.24285714
-0.27095237
-0.16666667
-0.2952381
-0.23761904
-0.17238095
-0.19
-0.23857144
-0.2904762
-0.16666667
-0.24714285
-0.24666667
-0.2704762
-0.16666667
-0.1947619
-0.24190477
-0.32333332
-0.24285714
-0.23761904
-0.25190476
-0.21047619
-0.24285714
-0.2
-0.28
-0.24380952
-0.23714286
-0.21857142
-0.24714285
-0.2152381
-0.12095238
-0.1952381
-0.24238095
-0.1904762
-0.24238095
-0.25190476
-0.24857143
-0.29095238
-0.24714285
-0.12428571
-0.24714285
-0.1952381
-0.23285714
-0.2
-0.2942857
-0.24761905
-0.24619047
-0.24761905
-0.22238095
-0.24809524
-0.16666667
-0.24714285
-0.1995238
-0.25142857
-0.27571428
-0.24190477
-0.24809524
-0.25142857
-0.1904762
-0.25142857
-0.24666667
-0.17190476
-0.21809524
-0.2947619
-0.24714285
-0.19571428
-0.25190476
-0.24619047
-0.16285715
-0.23238096
-0.2947619
-0.24238095
-0.16666667
-0.1904762
-0.13
-0.22809523
-0.21571429
-0.114761904
-0.24809524
-0.17142858
-0.24238095
-0.17619048
-0.19095238
-0.1995238
-0.2952381
-0.18571429
-0.1947619
-0.19
-0.24285714
-0.2704762
-0.21428572
-0.25142857
-0.1904762
-0.19
-0.23761904
-0.24714285
-0.25190476
-0.24714285
-0.16761905
-0.1995238
-0.16285715
-0.26714286
-0.1952381
-0.2152381
-0.086666666
-0.24238095
-0.25238097
-0.2657143
-0.25142857
-0.2152381
-0.19428572
-0.29
-0.29904762
-0.24714285
-0.24714285
-0.2904762
-0.24714285
-0.2895238
-0.19
-0.24333334
-0.25190476
-0.24761905
-0.19
-0.24761905
-0.2904762
-0.16761905
-0.11523809
-0.27142859
-0.24285714
-0.2147619
-0.24285714
-0.17190476
-0.27142859
-0.24761905
-0.23857144
-0.15809524
-0.16761905
-0.1852381
-0.15857142
-0.087142855
-0.15333334
-0.11523809
-0.2147619
-0.23809524
-0.3
-0.24333334
-0.18619047
-0.24809524
-0.22809523
-0.2152381
-0.20047618
-0.14380953
-0.19095238
-0.20047618
-0.24761905
-0.25285715
-0.23857144
-0.24761905
-0.16761905
-0.20523809
-0.24761905
-0.15857142
-0.20523809
-0.24761905
-0.24809524
-0.3004762
-0.25238097
-0.17190476
-0.1952381
-0.105238095
-0.2957143
-0.16857143
-0.23809524
-0.123809524
-0.16285715
-0.16761905
-0.06285714
-0.2952381
-0.16857143
-0.19095238
-0.24428572
-0.16285715
-0.08285714
-0.2
-0.2952381
-0.17238095
-0.26666668
-0.11952381
-0.24333334
-0.24714285
-0.29095238
-0.24285714
-0.25285715
-0.17238095
-0.23809524
-0.2752381
-0.16285715
-0.24333334
-0.20095238
-0.25285715
-0.24761905
-0.19666667
-0.23809524
-0.16285715
-0.2147619
-0.23857144
-0.20095238
-0.27142859
-0.19619048
-0.22
-0.22285715
-0.29095238
-0.16761905
-0.23857144
-0.27142859
-0.05142857
-0.22857143
-0.2952381
-0.11047619
-0.24285714
-0.24761905
-0.16238095
-0.22
-0.2852381
-0.24761905
-0.24809524
-0.24761905
-0.27142859
-0.24333334
-0.23428571
-0.23809524
-0.25238097
-0.24761905
-0.23809524
-0.2247619
-0.2152381
-0.044761904
-0.16904762
-0.24857143
-0.09190476
-0.25238097
-0.27095237
-0.16285715
-0.19142857
-0.29619047
-0.16333333
-0.13
-0.23952381
-0.24761905
-0.19190477
-0.2152381
-0.23809524
-0.1247619
-0.27714285
-0.24238095
-0.19619048
-0.2947619
-0.16809523
-0.16809523
-0.16285715
-0.25238097
-0.2761905
-0.2147619
-0.12142857
-0.29142857
-0.24380952
-0.25238097
-0.21857142
-0.16380952
-0.16809523
-0.26666668
-0.24809524
-0.18619047
-0.24285714
-0.2761905
-0.24238095
-0.3004762
-0.24809524
-0.24809524
-0.11095238
-0.011428571
-0.24809524
-0.26238096
-0.08285714
-0.18666667
-0.27571428
-0.25190476
-0.24380952
-0.23809524
-0.24333334
-0.24666667
-0.24809524
-0.19571428
-0.2152381
-0.2195238
-0.22809523
-0.13428572
-0.19619048
-0.17190476
-0.17190476
-0.24714285
-0.19095238
-0.16761905
-0.20380953
-0.22
-0.095714286
-0.24333334
-0.1952381
-0.24285714
-0.24714285
-0.12952381
-0.25190476
-0.27095237
-0.27142859
-0.24761905
-0.13904762
-0.18666667
-0.24714285
-0.19571428
-0.25285715
-0.17095238
-0.07190476
-0.21904762
-0.27
-0.2995238
-0.16714285
-0.096190475
-0.27095237
-0.1904762
-0.24761905
-0.29095238
-0.16761905
-0.16714285
-0.20047618
-0.23190476
-0.2152381
-0.16333333
-0.16238095
-0.16809523
-0.17238095
-0.087142855
-0.18095239
-0.15285714
-0.16285715
-0.24809524
-0.2957143
-0.24714285
-0.1247619
-0.17285714
-0.20666666
-0.24761905
-0.16190477
-0.087142855
-0.17190476
-0.1947619
-0.16666667
-0.24714285
-0.2152381
-0.13380952
-0.24761905
-0.24714285
-0.24666667
-0.2752381
-0.24666667
-0.2952381
-0.09095238
-0.08809524
-0.26619047
-0.21904762
-0.14666666
-0.2942857
-0.16238095
-0.120476194
-0.19666667
-0.20952381
-0.1347619
-0.17142858
-0.24809524
-0.15761904
-0.24238095
-0.1952381
-0.27190477
-0.17142858
-0.24238095
-0.2942857
-0.11904762
-0.23619048
-0.27476192
-0.18952382
-0.20904762
-0.15142857
-0.2947619
-0.086666666
-0.24238095
-0.2752381
-0.21380952
-0.09
-0.2704762
-0.16095237
-0.16619048
-0.24666667
-0.24666667
-0.2742857
-0.23809524
-0.17619048
-0.2509524
-0.24571429
-0.16571428
-0.22285715
-0.23142858
-0.2695238
-0.19428572
-0.17
-0.17095238
-0.27095237
-0.23714286
-0.29333332
-0.24619047
-0.24190477
-0.24190477
-0.19904763
-0.13857143
-0.24571429
-0.24571429
-0.22714286
-0.24571429
-0.19857143
-0.20761904
-0.25
-0.21190476
-0.24571429
-0.16904762
-0.20476191
-0.24571429
-0.20238096
-0.19380952
-0.21285714
-0.2595238
-0.16
-0.18333334
-0.17380953
-0.18
-0.2695238
-0.24619047
-0.14
-0.2452381
-0.24809524
-0.18857142
-0.1604762
-0.15
-0.22714286
-0.2552381
-0.19428572
-0.26857144
-0.24
-0.29142857
-0.20761904
-0.2495238
-0.17428571
-0.19380952
-0.19380952
-0.08952381
-0.23714286
-0.16190477
-0.19285715
-0.29238096
-0.19666667
-0.19333333
-0.1647619
-0.21190476
-0.22666667
-0.21619047
-0.2642857
-0.2742857
-0.17380953
-0.19190477
-0.18380952
-0.11285714
-0.11238095
-0.1647619
-0.1647619
-0.24571429
-0.19285715
-0.24571429
-0.19761905
-0.28238094
-0.24333334
-0.18904762
-0.18333334
-0.15666667
-0.2642857
-0.26809523
-0.2495238
-0.15952381
-0.15095238
-0.25047618
-0.21238095
-0.18809524
-0.24095239
-0.24
-0.18904762
-0.20333333
-0.24428572
-0.27
-0.20809524
-0.24571429
-0.16619048
-0.13190477
-0.18952382
-0.21285714
-0.19809523
-0.21285714
-0.17
-0.26904762
-0.1695238
-0.17380953
-0.18952382
-0.24714285
-0.24095239
-0.19666667
-0.2495238
-0.25
-0.22190475
-0.2447619
-0.1652381
-0.2452381
-0.24904762
-0.1604762
-0.122857146
-0.19333333
-0.23904762
-0.24571429
-0.1995238
-0.1652381
-0.14952381
-0.2152381
-0.18904762
-0.24
-0.16904762
-0.1652381
-0.16428572
-0.13571429
-0.2447619
-0.21571429
-0.122857146
-0.17
-0.1647619
-0.19761905
-0.24047619
-0.2642857
-0.23619048
-0.23095238
-0.28666666
-0.2204762
-0.108095236
-0.26761904
-0.22619048
-0.26904762
-0.16380952
-0.1647619
-0.20666666
-0.26809523
-0.23952381
-0.21619047
-0.1647619
-0.23571429
-0.11619048
-0.1652381
-0.20761904
-0.22095238
-0.24047619
-0.18857142
-0.16095237
-0.24190477
-0.27333334
-0.22666667
-0.1652381
-0.17428571
-0.09857143
-0.084285714
-0.19380952
-0.22571428
-0.21095239
-0.19190477
-0.21238095
-0.24
-0.1647619
-0.2452381
-0.18761905
-0.20761904
-0.23523809
-0.24428572
-0.16809523
-0.16809523
-0.1695238
-0.19333333
-0.20190476
-0.18333334
-0.108095236
-0.19809523
-0.1695238
-0.23666666
-0.17380953
-0.19333333
-0.23047619
-0.23952381
-0.19666667
-0.16904762
-0.27333334
-0.13142857
-0.16571428
-0.10714286
-0.12666667
-0.2495238
-0.11285714
-0.11238095
-0.2642857
-0.15952381
-0.18904762
-0.24095239
-0.117142856
-0.19190477
-0.1695238
-0.108571425
-0.21095239
-0.21190476
-0.24095239
-0.2495238
-0.19238095
-0.16428572
-0.19666667
-0.28238094
-0.16857143
-0.14619048
-0.2447619
-0.21333334
-0.17
-0.16428572
-0.08761905
-0.19666667
-0.24904762
-0.15095238
-0.24857143
-0.2452381
-0.24428572
-0.15571429
-0.16857143
-0.19238095
-0.21285714
-0.26809523
-0.19714285
-0.21190476
-0.24904762
-0.16380952
-0.1747619
-0.2242857
-0.14142857
-0.22619048
-0.24142857
-0.1647619
-0.24142857
-0.24095239
-0.1652381
-0.19761905
-0.24047619
-0.29238096
-0.19714285
-0.21619047
-0.16428572
-0.11285714
-0.24571429
-0.29714286
-0.24428572
-0.14095238
-0.18285714
-0.17857143
-0.20333333
-0.16380952
-0.18380952
-0.24333334
-0.24904762
-0.21666667
-0.1652381
-0.24428572
-0.1647619
-0.25
-0.08857143
-0.15142857
-0.14571428
-0.24571429
-0.24380952
-0.12238095
-0.10904762
-0.16619048
-0.11238095
-0.1652381
-0.16428572
-0.24428572
-0.19904763
-0.17380953
-0.17
-0.15142857
-0.17428571
-0.117619045
-0.19904763
-0.21190476
-0.23952381
-0.16380952
-0.16142857
-0.17952381
-0.14666666
-0.28857142
-0.09952381
-0.14142857
-0.17047618
-0.114285715
-0.05142857
-0.21333334
-0.027619047
-0.24
-0.06095238
-0.1652381
-0.27380952
-0.17904761
-0.1647619
-0.21380952
-0.18285714
-0.20285714
-0.19333333
-0.16428572
-0.21190476
-0.19285715
-0.18904762
-0.18809524
-0.16571428
-0.24095239
-0.08809524
-0.2447619
-0.18285714
-0.108095236
-0.16571428
-0.17
-0.19714285
-0.24
-0.29285714
-0.16857143
-0.15523809
-0.122857146
-0.2452381
-0.24047619
-0.10904762
-0.2452381
-0.25047618
-0.20285714
-0.19380952
-0.2452381
-0.05142857
-0.19809523
-0.19809523
-0.25047618
-0.16428572
-0.24571429
-0.16904762
-0.16619048
-0.08904762
-0.18428572
-0.1647619
-0.15095238
-0.22190475
-0.2742857
-0.15095238
-0.25333333
-0.16428572
-0.08523809
-0.18952382
-0.1695238
-0.1647619
-0.20809524
-0.2447619
-0.1652381
-0.042857144
-0.19
-0.19809523
-0.27380952
-0.13380952
-0.08809524
-0.1647619
-0.0847619
-0.11809524
-0.16857143
-0.21666667
-0.1652381
-0.17095238
-0.16619048
-0.07952381
-0.13190477
-0.2495238
-0.29142857
-0.24047619
-0.17952381
-0.17
-0.23619048
-0.19285715
-0.22714286
-0.24
-0.2452381
-0.05047619
-0.2695238
-0.16380952
-0.19190477
-0.29190475
-0.2447619
-0.19666667
-0.2452381
-0.08523809
-0.2152381
-0.15047619
-0.092857145
-0.1647619
-0.16380952
-0.19238095
-0.24095239
-0.2761905
-0.28761905
-0.16428572
-0.20714286
-0.24
-0.23952381
-0.19333333
-0.18285714
-0.29238096
-0.24904762
-0.1647619
-0.10761905
-0.3061905
-0.23095238
-0.21190476
-0.11285714
-0.16
-0.24380952
-0.16809523
-0.24142857
-0.20619048
-0.14619048
-0.1404762
-0.08857143
-0.0038095238
-0.19666667
-0.083809525
-0.31142858
-0.027619047
-0.0847619
-0.2495238
-0.24047619
-0.27380952
-0.1347619
-0.13666667
-0.15952381
-0.24333334
-0.18761905
-0.16857143
-0.23952381
-0.2247619
-0.23047619
-0.22571428
-0.21666667
-0.17809524
-0.16428572
-0.08952381
-0.12666667
-0.23
-0.056190476
-0.1652381
-0.27666667
-0.12523809
-0.21619047
-0.24380952
-0.15571429
-0.24047619
-0.102380954
-0.108095236
-0.16380952
-0.19380952
-0.11666667
-0.21142857
-0.18809524
-0.23619048
-0.15952381
-0.11666667
-0.27380952
-0.19761905
-0.24666667
-0.08809524
-0.1652381
-0.19714285
-0.1652381
-0.117142856
-0.19761905
-0.1652381
-0.1747619
-0.19857143
-0.2452381
-0.22619048
-0.11285714
-0.08904762
-0.17333333
-0.1647619
-0.24714285
-0.1752381
-0.11285714
-0.21666667
-0.20190476
-0.16428572
-0.19380952
-0.083809525
-0.1647619
-0.13666667
-0.24428572
-0.03190476
-0.13666667
-0.19809523
-0.17
-0.117619045
-0.1652381
-0.24571429
-0.117142856
-0.16428572
-0.12142857
-0.11285714
-0.1652381
-0.2452381
-0.13666667
-0.19809523
-0.19380952
-0.117142856
-0.20761904
-0.11666667
-0.24619047
-0.1652381
-0.19857143
-0.2509524
-0.19380952
-0.08
-0.19857143
-0.19857143
-0.21190476
-0.12238095
-0.1604762
-0.11666667
-0.21285714
-0.16428572
-0.14571428
-0.2447619
-0.14619048
-0.22142857
-0.27285713
-0.21190476
-0.2538095
-0.24619047
-0.17
-0.25
-0.24571429
-0.19761905
-0.084285714
-0.29333332
-0.2452381
-0.16428572
-0.19285715
-0.22095238
-0.19380952
-0.16333333
-0.25
-0.04095238
-0.11285714
-0.22190475
-0.2695238
-0.16857143
-0.2942857
-0.1652381
-0.16904762
-0.16857143
-0.22190475
-0.24428572
-0.23142858
-0.18904762
-0.19333333
-0.24428572
-0.20142858
-0.26857144
-0.1695238
-0.20571429
-0.2447619
-0.24904762
-0.19380952
-0.22190475
-0.1452381
-0.21142857
-0.2495238
-0.16380952
-0.19619048
-0.12190476
-0.18904762
-0.2
-0.19857143
-0.24571429
-0.24666667
-0.19761905
-0.19904763
-0.22190475
-0.22666667
-0.14142857
-0.18904762
-0.24571429
-0.2495238
-0.2595238
-0.20952381
-0.20238096
-0.2952381
-0.16571428
-0.17
-0.17095238
-0.19904763
-0.19428572
-0.2495238
-0.28904763
-0.16095237
-0.17571428
-0.23666666
-0.20285714
-0.24190477
-0.29190475
-0.20380953
-0.2452381
-0.16904762
-0.24619047
-0.16095237
-0.16904762
-0.16619048
-0.16571428
-0.17
-0.1995238
-0.20142858
-0.17190476
-0.23571429
-0.20238096
-0.28857142
-0.1747619
-0.24761905
-0.24714285
-0.3209524
-0.1695238
-0.24619047
-0.24619047
-0.19904763
-0.13761905
-0.12238095
-0.20714286
-0.17095238
-0.17
-0.24571429
-0.117619045
-0.21333334
-0.2447619
-0.29333332
-0.20238096
-0.25
-0.24190477
-0.25047618
-0.19333333
-0.2495238
-0.29809523
-0.122857146
-0.21666667
-0.24095239
-0.16
-0.1652381
-0.20333333
-0.24619047
-0.17
-0.13285714
-0.25047618
-0.24047619
-0.08904762
-0.122857146
-0.055714287
-0.16904762
-0.2452381
-0.24
-0.20333333
-0.17095238
-0.24571429
-0.29190475
-0.16904762
-0.07619048
-0.17857143
-0.19380952
-0.29190475
-0.25
-0.09095238
-0.17047618
-0.2447619
-0.24571429
-0.18952382
-0.1447619
-0.21285714
-0.0847619
-0.24571429
-0.117142856
-0.22190475
-0.1652381
-0.1752381
-0.1652381
-0.2447619
-0.25047618
-0.27285713
-0.2452381
-0.13714285
-0.16142857
-0.16857143
-0.17333333
-0.19761905
-0.16
-0.15047619
-0.21238095
-0.117142856
-0.1647619
-0.10761905
-0.1604762
-0.19333333
-0.23047619
-0.16857143
-0.13761905
-0.08904762
-0.16095237
-0.11190476
-0.23095238
-0.16428572
-0.16095237
-0.24428572
-0.19809523
-0.25047618
-0.1604762
-0.15142857
-0.16428572
-0.21238095
-0.20761904
-0.1695238
-0.18809524
-0.16333333
-0.07904762
-0.21142857
-0.11666667
-0.24571429
-0.11238095
-0.2452381
-0.2447619
-0.21238095
-0.2495238
-0.09
-0.25
-0.15952381
-0.1947619
-0.17
-0.15952381
-0.1995238
-0.2447619
-0.17
-0.17095238
-0.1652381
-0.21142857
-0.2452381
-0.24619047
-0.24619047
-0.15095238
-0.1695238
-0.20761904
-0.1647619
-0.17047618
-0.24428572
-0.11285714
-0.09428571
-0.24666667
-0.0847619
-0.15
-0.1604762
-0.1604762
-0.15095238
-0.14095238
-0.19428572
-0.20285714
-0.19904763
-0.24095239
-0.123333335
-0.08952381
-0.14571428
-0.24619047
-0.0033333334
-0.17
-0.07571428
-0.20333333
-0.023333333
-0.19904763
-0.13666667
-0.1652381
-0.16714285
-0.19571428
-0.16571428
-0.21761905
-0.22142857
-0.23666666
-0.1604762
-0.17047618
-0.16904762
-0.18857142
-0.21714285
-0.117619045
-0.113809526
-0.24619047
-0.16
-0.16428572
-0.19380952
-0.16
-0.21761905
-0.15619047
-0.19333333
-0.23619048
-0.19428572
-0.15952381
-0.10761905
-0.21142857
-0.18857142
-0.21238095
-0.15952381
-0.19714285
-0.15571429
-0.19857143
-0.19333333
-0.19380952
-0.07904762
-0.18952382
-0.08904762
-0.23619048
-0.1447619
-0.23190476
-0.07904762
-0.07904762
-0.16428572
-0.10761905
-0.16380952
-0.14952381
-0.11190476
-0.16
-0.16428572
-0.074285716
-0.108095236
-0.21190476
-0.18333334
-0.16428572
-0.24809524
-0.11190476
-0.1652381
-0.18428572
-0.055714287
-0.03190476
-0.07857143
-0.23571429
-0.11238095
-0.1452381
-0.21571429
-0.17904761
-0.19333333
-0.19761905
-0.21619047
-0.24
-0.10714286
-0.04095238
-0.19285715
-0.15952381
-0.16571428
-0.15428571
-0.16
-0.16428572
-0.19333333
-0.15952381
-0.1347619
-0.18380952
-0.12809524
-0.15523809
-0.13619047
-0.20190476
-0.16
-0.18761905
-0.11809524
-0.18809524
-0.21095239
-0.18476191
-0.16428572
-0.15904762
-0.13095239
-0.15476191
-0.23904762
-0.15142857
-0.16380952
-0.01
-0.15952381
-0.17047618
-0.18428572
-0.1647619
-0.15047619
-0.19714285
-0.12761904
-0.1647619
-0.24
-0.08571429
-0.2452381
-0.15047619
-0.18380952
-0.28285715
-0.18333334
-0.10333333
-0.1604762
-0.18380952
-0.18904762
-0.050952382
-0.11333334
-0.23571429
-0.23571429
-0.19285715
-0.15523809
-0.1647619
-0.18380952
-0.27857143
-0.24
-0.11333334
-0.21619047
-0.18380952
-0.21666667
-0.15619047
-0.15571429
-0.17285714
-0.09
-0.10380952
-0.1604762
-0.10333333
-0.18476191
-0.19761905
-0.013809524
-0.18333334
-0.23523809
-0.20238096
-0.19238095
-0.20714286
-0.108571425
-0.0028571428
-0.07047619
-0.083809525
-0.16
-0.15523809
-0.18333334
-0.24
-0.1604762
-0.1647619
-0.18333334
-0.20714286
-0.15476191
-0.24428572
-0.16428572
-0.1647619
-0.15047619
-0.13666667
-0.18333334
-0.23571429
-0.117142856
-0.23476191
-0.20285714
-0.23571429
-0.10333333
-0.28666666
-0.18952382
-0.16285715
-0.19285715
-0.23476191
-0.0847619
-0.15476191
-0.15476191
-0.24047619
-0.15904762
-0.0033333334
-0.11238095
-0.03190476
-0.083333336
-0.084285714
-0.008095238
-0.16380952
-0.15476191
-0.07857143
-0.10333333
-0.03190476
-0.18761905
-0.16333333
-0.16333333
-0.18380952
-0.08809524
-0.1452381
-0.13142857
-0.23523809
-0.008571428
-0.15428571
-0.19333333
-0.18333334
-0.035714287
-0.20714286
-0.08761905
-0.16
-0.23
-0.18285714
-0.18857142
-0.12190476
-0.18285714
-0.15476191
-0.16
-0.18857142
-0.13619047
-0.13142857
-0.10333333
-0.013333334
-0.15476191
-0.10619047
-0.22190475
-0.054761905
-0.092380956
-0.10285714
-0.046190478
-0.19761905
-0.24047619
-0.14142857
-0.055238094
-0.08904762
-0.10714286
-0.15952381
-0.11190476
-0.032380953
0.00047619047
-0.1395238
-0.16904762
-0.23047619
-0.17904761
-0.102380954
-0.23571429
-0.16333333
0.00047619047
-0.117619045
-0.18285714
-0.046190478
-0.15
-0.13190477
-0.008095238
-0.15476191
-0.008095238
-0.18809524
-0.08904762
-0.15047619
-0.16
-0.21666667
-0.13095239
-0.16428572
-0.092380956
-0.15904762
-0.16428572
-0.07857143
-0.084285714
-0.1604762
-0.108095236
-0.23619048
-0.008571428
-0.19190477
-0.11238095
-0.10428572
-0.23952381
-0.15904762
-0.11190476
-0.083333336
-0.21619047
-0.18761905
-0.15095238
-0.16809523
-0.08857143
-0.14666666
-0.23904762
-0.20619048
-0.09809524
-0.1652381
-0.16380952
-0.23523809
-0.074761905
-0.27238095
-0.15952381
-0.15904762
-0.15523809
-0.07380953
-0.078095235
-0.23476191
-0.26333332
-0.24
-0.12238095
-0.03190476
-0.15
-0.16428572
-0.1652381
-0.25
-0.20095238
-0.20666666
-0.18333334
-0.19285715
-0.23666666
-0.20619048
-0.23095238
-0.17380953
-0.08809524
-0.16809523
-0.24333334
-0.14428571
-0.10428572
-0.18857142
-0.15904762
-0.10714286
-0.16428572
-0.19238095
-0.2147619
-0.083809525
-0.117142856
-0.20714286
-0.23476191
-0.24428572
-0.09761905
-0.1652381
-0.18285714
-0.14571428
-0.10285714
-0.084285714
-0.1647619
-0.10285714
-0.009047619
-0.084285714
-0.1647619
-0.15952381
-0.0847619
-0.004761905
-0.18714286
-0.17904761
-0.08857143
-0.07952381
-0.117619045
-0.13095239
-0.15428571
-0.18285714
-0.18809524
-0.111428574
-0.026666667
-0.16333333
-0.11285714
-0.17380953
-0.14952381
-0.11190476
-0.10666667
-0.20619048
-0.16761905
-0.16
-0.17
-0.16
-0.12666667
-0.032380953
-0.25904763
-0.17857143
-0.102380954
-0.032857142
-0.10428572
-0.0038095238
-0.15476191
-0.15047619
-0.08
-0.0033333334
-0.18380952
-0.10285714
-0.050952382
-0.23571429
-0.16904762
-0.16809523
-0.10380952
-0.12190476
-0.16428572
-0.16
-0.15476191
-0.04238095
-0.18904762
-0.13142857
-0.17857143
-0.18857142
-0.1604762
-0.17952381
-0.23571429
-0.26809523
-0.24047619
-0.075238094
-0.18904762
-0.23523809
-0.108095236
-0.20761904
-0.18476191
-0.20238096
-0.23047619
-0.23904762
-0.23523809
-0.23095238
-0.13190477
-0.23619048
-0.28238094
-0.23571429
-0.23523809
-0.23095238
-0.24428572
-0.17952381
-0.20190476
-0.11666667
-0.27809525
-0.10285714
-0.1604762
-0.18857142
-0.22619048
-0.18952382
-0.23619048
-0.29095238
-0.16
-0.14142857
-0.23523809
-0.20809524
-0.23857144
-0.15476191
-0.15952381
-0.102380954
-0.23761904
-0.07571428
-0.083809525
-0.15476191
-0.15571429
-0.10761905
-0.20666666
-0.23190476
-0.108095236
-0.12714286
-0.17904761
-0.1652381
-0.15619047
-0.15952381
-0.14190476
-0.20666666
-0.15523809
-0.2447619
-0.028095238
-0.1652381
-0.1747619
-0.15571429
-0.1604762
-0.19285715
-0.20761904
-0.13238095
-0.2195238
-0.16619048
-0.21666667
-0.23952381
-0.12238095
-0.19285715
-0.20714286
-0.10428572
-0.14619048
-0.24428572
-0.15619047
-0.19333333
-0.075238094
-0.23095238
-0.24095239
-0.19428572
-0.09952381
-0.18428572
-0.20761904
-0.07047619
-0.1695238
-0.18428572
-0.1752381
-0.20238096
-0.16095237
-0.14190476
-0.19809523
-0.1647619
-0.13238095
-0.20761904
-0.07714286
-0.18761905
-0.1604762
-0.24904762
-0.23571429
-0.15619047
-0.26857144
-0.27761903
-0.16380952
-0.01
-0.11333334
-0.1652381
-0.19380952
-0.26809523
-0.1652381
-0.15095238
-0.18857142
-0.2447619
-0.122857146
-0.19333333
-0.122857146
-0.15619047
-0.075238094
-0.1695238
-0.23666666
-0.07095238
-0.11666667
-0.15142857
-0.24047619
-0.11857143
-0.23095238
-0.16428572
-0.22238095
-0.27333334
-0.13714285
-0.19333333
-0.15666667
-0.13142857
-0.14095238
-0.2447619
-0.22714286
-0.16
-0.07095238
-0.19761905
-0.16571428
-0.09952381
-0.13666667
-0.20142858
-0.3052381
-0.07095238
-0.1647619
-0.24
-0.10904762
-0.12761904
-0.11857143
-0.19428572
-0.10904762
-0.14
-0.13238095
-0.13142857
-0.20190476
-0.16428572
-0.16095237
-0.15
-0.07571428
-0.26380953
-0.1647619
-0.13142857
-0.19761905
-0.22666667
-0.18857142
-0.18333334
-0.18380952
-0.18
-0.114285715
-0.22714286
-0.10428572
-0.18476191
-0.1947619
-0.18
-0.1647619
-0.1
-0.08047619
-0.1604762
-0.15666667
-0.16095237
-0.18428572
-0.19238095
-0.26333332
-0.18904762
-0.17
-0.17904761
-0.23190476
-0.20238096
-0.15714286
-0.15142857
-0.19238095
-0.2595238
-0.20238096
-0.17
-0.21619047
-0.27952382
-0.07095238
-0.108571425
-0.1604762
-0.15571429
-0.18952382
-0.23619048
-0.24428572
-0.15619047
-0.0952381
-0.26380953
-0.24047619
-0.1752381
-0.13333334
-0.23666666
-0.23666666
-0.18428572
-0.037142858
-0.20285714
-0.2452381
-0.17333333
-0.15666667
-0.108095236
-0.22666667
-0.037142858
-0.19761905
-0.13761905
-0.07190476
-0.09857143
-0.08047619
-0.24428572
-0.16095237
-0.09380952
-0.18857142
-0.10904762
-0.15619047
-0.18714286
-0.122857146
-0.19904763
-0.11285714
-0.108571425
-0.15190476
-0.19142857
-0.11333334
-0.2642857
-0.15142857
-0.12714286
-0.23190476
-0.07952381
-0.19619048
-0.1747619
-0.17904761
-0.10380952
-0.17952381
-0.17619048
-0.15952381
-0.22333333
-0.21809524
-0.20380953
-0.18476191
-0.19857143
-0.15571429
-0.23095238
-0.23619048
-0.16095237
-0.20857143
-0.23142858
-0.24571429
-0.15142857
-0.15095238
-0.11857143
-0.23714286
-0.23666666
-0.23714286
-0.16
-0.22809523
-0.23666666
-0.13619047
-0.12238095
-0.108571425
-0.20380953
-0.074285716
-0.15523809
-0.14714286
-0.09476191
-0.10904762
-0.0847619
-0.17904761
-0.23571429
-0.13761905
-0.14190476
-0.13761905
-0.11904762
-0.18333334
-0.123333335
-0.00047619047
-0.19333333
-0.15095238
-0.1452381
-0.20761904
-0.07095238
-0.0019047619
-0.19285715
-0.08
-0.15571429
-0.11238095
-0.17904761
-0.09476191
-0.24142857
-0.1604762
-0.1404762
-0.16428572
-0.19809523
-0.08523809
-0.18428572
-0.11238095
-0.12714286
-0.037619047
-0.23904762
-0.14142857
-0.19761905
-0.12761904
-0.099047616
-0.14238095
-0.11285714
-0.19714285
-0.12714286
-0.13190477
-0.10285714
-0.10380952
-0.23142858
-0.05666667
-0.19380952
-0.12619048
-0.28285715
-0.06666667
-0.15
-0.14142857
-0.1652381
-0.11333334
-0.2452381
-0.24428572
-0.24
-0.1647619
-0.07619048
-0.15095238
-0.19238095
-0.24095239
-0.033333335
-0.23095238
0.004761905
-0.21761905
-0.13238095
-0.15523809
-0.08047619
-0.15571429
-0.14190476
-0.13666667
-0.13238095
-0.2452381
-0.23571429
-0.1604762
-0.084285714
-0.1652381
-0.055238094
-0.04238095
-0.11333334
-0.20285714
-0.18809524
-0.20714286
-0.14190476
-0.19428572
-0.11238095
-0.20238096
-0.18333334
-0.18904762
-0.12857144
-0.15523809
-0.15619047
-0.15523809
-0.24619047
-0.24
-0.16
-0.24904762
-0.15047619
-0.10904762
-0.20714286
-0.23095238
-0.15571429
-0.23523809
-0.19333333
-0.19714285
-0.11857143
-0.07619048
-0.1647619
-0.21190476
-0.12238095
-0.14190476
-0.20333333
-0.108571425
-0.16428572
-0.19666667
-0.07952381
-0.075238094
-0.12238095
-0.13761905
-0.15476191
-0.050952382
-0.16
-0.13666667
-0.19380952
-0.07857143
-0.14095238
-0.09761905
-0.13190477
-0.24857143
-0.17857143
-0.15476191
-0.20285714
-0.113809526
-0.083333336
-0.19238095
-0.1647619
-0.16571428
-0.22714286
-0.10333333
-0.08523809
-0.15190476
-0.16428572
-0.1647619
-0.15952381
-0.07380953
-0.15952381
-0.22142857
-0.22666667
-0.18714286
-0.15380952
-0.24095239
-0.21333334
-0.20714286
-0.16428572
-0.16142857
-0.1452381
-0.08095238
-0.19714285
-0.16095237
-0.15952381
-0.24380952
-0.24095239
-0.12190476
-0.15952381
-0.23619048
-0.18904762
-0.07904762
-0.1652381
-0.083809525
-0.036666665
-0.10333333
-0.102380954
-0.24428572
-0.14714286
-0.15523809
-0.0038095238
-0.027142856
-0.15857142
-0.08523809
-0.074761905
-0.06047619
-0.13142857
-0.15952381
-0.074285716
-0.10714286
-0.14
-0.23571429
-0.15333334
-0.14190476
-0.10714286
-0.12666667
-0.09380952
-0.11238095
-0.074761905
-0.15476191
-0.074761905
-0.23142858
-0.087142855
-0.17428571
-0.13619047
-0.07952381
-0.24571429
-0.19809523
-0.12619048
-0.19285715
0.010952381
0.00047619047
-0.15476191
-0.1647619
-0.084285714
-0.17380953
-0.074285716
-0.022857143
-0.15952381
-0.07047619
-0.032380953
-0.07952381
-0.15
-0.12761904
-0.10761905
0.006190476
-0.15952381
-0.16
-0.08857143
-0.0847619
-0.12142857
-0.10285714
-0.08285714
-0.027619047
-0.07857143
-0.07904762
-0.1647619
-0.008095238
-0.16380952
-0.074761905
-0.084285714
-0.24
-0.07047619
-0.037619047
-0.12571429
-0.18380952
-0.03190476
-0.24047619
-0.1652381
-0.06476191
-0.18761905
-0.083809525
-0.1604762
-0.18380952
-0.13095239
-0.13190477
-0.037619047
-0.008095238
-0.24
-0.19714285
-0.037142858
0.0014285714
-0.08904762
-0.10333333
-0.18761905
-0.12714286
-0.15904762
-0.0033333334
0.010952381
-0.08857143
-0.15904762
-0.07571428
-0.065238096
-0.15476191
-0.08952381
-0.10761905
-0.078095235
-0.0847619
0.0014285714
-0.16
-0.111428574
-0.07095238
-0.075238094
-0.057142857
-0.1452381
-0.027619047
-0.03190476
-0.10380952
-0.018095238
-0.117142856
-0.1352381
-0.07
-0.084285714
-0.117142856
-0.18285714
-0.084285714
-0.07571428
-0.032857142
0.0019047619
-0.07857143
-0.09
-0.013333334
0.006190476
-0.075238094
-0.16333333
-0.092857145
-0.06952381
-0.084285714
-0.07047619
-0.10666667
-0.11238095
-0.07857143
-0.08952381
-0.007142857
-0.032857142
-0.19714285
-0.08857143
-0.13619047
-0.15952381
-0.19714285
-0.19238095
-0.08809524
-0.15523809
-0.036190476
-0.065238096
-0.20761904
-0.15476191
0.006666667
-0.08523809
-0.16333333
-0.10285714
-0.16380952
-0.15571429
-0.074761905
-0.1647619
-0.17333333
-0.108571425
-0.07904762
-0.11238095
-0.24428572
-0.15952381
-0.08857143
-0.24047619
-0.10333333
-0.12571429
-0.03142857
-0.13619047
-0.19238095
-0.06095238
-0.07952381
-0.117142856
-0.23952381
-0.13095239
-0.16428572
-0.07
-0.16904762
-0.11190476
-0.24571429
-0.1604762
0.006190476
-0.108571425
-0.07666667
-0.19666667
-0.108571425
-0.13142857
-0.037142858
0.0057142857
-0.008095238
-0.083809525
-0.15523809
-0.15523809
-0.117619045
-0.045714285
-0.11190476
-0.117142856
-0.25
-0.101904765
-0.16857143
-0.07904762
-0.19761905
-0.07857143
-0.18809524
-0.2447619
-0.068571426
-0.037142858
-0.017142856
-0.012857143
-0.1647619
-0.07952381
-0.12761904
-0.065238096
-0.023333333
0.0052380953
-0.15428571
-0.0033333334
-0.074761905
-0.036666665
-0.22095238
-0.08904762
-0.10666667
0.006190476
-0.1695238
0.0014285714
-0.083333336
0.0023809525
-0.0033333334
-0.11238095
-0.07047619
-0.1604762
0.0019047619
-0.13142857
-0.035714287
-0.093333334
-0.16809523
-0.07904762
-0.07857143
-0.07857143
-0.16904762
-0.08809524
-0.18714286
-0.083809525
0.006190476
-0.07952381
0.004285714
-0.036190476
-0.05142857
-0.108095236
-0.12571429
-0.17333333
-0.074285716
-0.10761905
-0.07904762
-0.12142857
-0.028095238
-0.09809524
-0.050952382
-0.093333334
-0.011904762
0.016190477
-0.074761905
-0.078095235
-0.08
-0.12619048
-0.14952381
-0.036190476
-0.21142857
-0.07904762
-0.14666666
-0.018095238
-0.1695238
-0.021904763
-0.0033333334
-0.02904762
-0.11190476
-0.23095238
-0.05
-0.18285714
-0.06952381
0.006190476
-0.018095238
-0.15952381
-0.0033333334
-0.18380952
-0.0028571428
-0.074285716
-0.037142858
-0.0038095238
-0.0023809525
0.0014285714
0.006666667
-0.0028571428
0.011904762
-0.0023809525
-0.03142857
-0.1695238
-0.04047619
-0.16428572
-0.0028571428
-0.0023809525
-0.15
-0.08761905
-0.07857143
0.0057142857
-0.14904761
-0.07333333
-0.08809524
-0.16428572
-0.074285716
-0.03142857
-0.19619048
-0.07952381
-0.084285714
-0.14619048
-0.11095238
-0.10619047
-0.24761905
-0.20619048
-0.074285716
-0.07952381
-0.21
-0.07380953
-0.083809525
-0.17761905
-0.16809523
-0.120476194
-0.21047619
-0.012380952
-0.16380952
-0.09761905
-0.14
-0.13
0.0019047619
-0.10285714
-0.012857143
-0.14857143
-0.19666667
-0.1404762
-0.12619048
-0.15523809
-0.10142857
-0.16428572
0.00095238094
-0.07857143
-0.030952381
0.0014285714
-0.0076190475
-0.11571429
-0.03190476
-0.05047619
-0.16333333
-0.21095239
-0.08857143
-0.16380952
-0.083809525
-0.0033333334
0.0014285714
-0.16380952
-0.030952381
-0.008095238
-0.111428574
0.0019047619
-0.07952381
-0.07904762
-0.16380952
0.0019047619
-0.06047619
-0.1352381
-0.083809525
-0.0028571428
-0.030952381
-0.055238094
-0.117142856
-0.06380952
-0.10666667
-0.23952381
-0.083809525
-0.20666666
-0.16333333
-0.16333333
-0.05
-0.15476191
-0.0076190475
-0.1447619
-0.074285716
-0.03190476
-0.036190476
-0.22952381
-0.14952381
-0.15952381
-0.14
-0.111428574
-0.08809524
-0.23476191
-0.14952381
-0.19238095
-0.20571429
-0.07904762
-0.036190476
-0.28190476
-0.14952381
-0.12523809
0.0023809525
0.0019047619
-0.0033333334
-0.03047619
-0.12142857
0.0014285714
-0.07904762
-0.15380952
-0.11666667
-0.13095239
-0.07857143
-0.02904762
-0.102380954
-0.03142857
-0.26809523
-0.117142856
-0.030952381
-0.03142857
-0.0028571428
-0.07904762
-0.078095235
0.00047619047
-0.1452381
-0.0028571428
-0.083333336
-0.08904762
-0.13095239
-0.04095238
-0.11619048
-0.20571429
-0.15428571
-0.083809525
-0.10333333
-0.13142857
-0.083809525
-0.18714286
-0.11666667
-0.10333333
-0.004285714
-0.19285715
-0.16904762
-0.16333333
-0.23904762
-0.19190477
-0.13142857
-0.10285714
-0.2204762
-0.23904762
-0.083809525
-0.19142857
-0.20666666
-0.083809525
-0.11238095
-0.24142857
-0.20190476
-0.13095239
-0.16904762
-0.06952381
-0.035238095
-0.032857142
-0.111428574
-0.06476191
-0.008571428
-0.10761905
-0.12238095
-0.15904762
-0.008571428
-0.11238095
-0.18857142
-0.004761905
-0.24809524
-0.022380952
-0.19238095
-0.055714287
-0.083809525
0.00095238094
-0.19238095
-0.25857142
-0.16428572
0.00047619047
-0.1604762
-0.027619047
-0.16428572
0.0
0.00095238094
-0.10285714
-0.08809524
-0.15428571
-0.19761905
-0.15
-0.19619048
-0.108571425
-0.13238095
-0.083809525
-0.07952381
-0.1695238
-0.10666667
-0.07333333
-0.15904762
-0.16761905
-0.08952381
-0.13142857
-0.10285714
-0.0847619
-0.05047619
-0.12666667
-0.24047619
-0.15857142
-0.16
-0.07952381
-0.08809524
-0.23952381
-0.07904762
-0.07952381
-0.07952381
-0.1652381
-0.08857143
-0.18285714
-0.0028571428
-0.1652381
-0.17047618
0.0019047619
0.0057142857
0.0052380953
-0.16428572
0.014285714
0.00047619047
-0.030952381
-0.074761905
-0.032857142
0.00047619047
-0.0033333334
-0.15904762
-0.15952381
-0.108095236
-0.18333334
0.0052380953
-0.07380953
0.010952381
-0.15095238
0.0052380953
-0.0038095238
-0.122857146
-0.09809524
-0.07952381
-0.07
0.00095238094
-0.012857143
-0.17333333
-0.021428572
-0.0038095238
-0.032380953
-0.19714285
-0.07380953
-0.09857143
-0.017619047
-0.12190476
-0.12619048
-0.15047619
0.0014285714
-0.07380953
-0.083333336
-0.093333334
0.004761905
-0.16380952
-0.11619048
-0.06047619
-0.16380952
-0.16380952
-0.1604762
-0.09809524
-0.21142857
-0.26714286
-0.056190476
-0.111428574
-0.074761905
-0.20666666
-0.12666667
-0.08809524
-0.0033333334
-0.16380952
-0.083809525
0.010476191
-0.032380953
-0.06476191
-0.07571428
-0.15523809
-0.08
-0.036666665
-0.0076190475
-0.018095238
-0.0028571428
-0.022857143
-0.1695238
-0.05047619
-0.018095238
-0.07904762
-0.15904762
-0.0019047619
-0.0028571428
-0.09380952
-0.12095238
-0.07904762
-0.050952382
-0.032380953
-0.027142856
0.006666667
-0.074285716
-0.08857143
0.016190477
-0.11571429
-0.012857143
-0.11666667
-0.0038095238
0.006190476
0.010476191
-0.11238095
-0.07380953
0.015238095
-0.07380953
-0.04095238
-0.083333336
-0.0023809525
-0.16428572
0.0019047619
-0.007142857
-0.074761905
-0.08857143
-0.078095235
-0.008095238
-0.065238096
0.0057142857
-0.07952381
-0.0033333334
0.011904762
-0.15476191
-0.012857143
-0.028095238
-0.093333334
-0.083809525
-0.1604762
0.010476191
0.011428571
0.0023809525
-0.07952381
-0.0023809525
0.0023809525
-0.06952381
0.015714286
-0.07857143
-0.026666667
-0.009047619
0.020952381
0.011428571
-0.111428574
-0.07857143
-0.030952381
-0.06904762
-0.078095235
0.011428571
0.010952381
-0.16333333
-0.108095236
0.00095238094
-0.04
-0.07904762
-0.12095238
-0.065714285
-0.06952381
-0.12571429
-0.0038095238
0.0019047619
-0.06904762
-0.036666665
-0.20666666
-0.083809525
-0.08238095
-0.18333334
-0.15095238
-0.0038095238
-0.1604762
0.006190476
-0.083809525
0.0019047619
-0.074761905
0.011428571
-0.10714286
-0.004285714
-0.06476191
-0.012380952
-0.093333334
0.0019047619
-0.026666667
-0.0038095238
-0.117142856
-0.15523809
-0.083333336
0.00952381
-0.074285716
-0.06952381
-0.0028571428
0.015238095
-0.026666667
-0.04142857
-0.0038095238
-0.068571426
-0.022857143
-0.12666667
0.006666667
-0.07904762
0.006190476
-0.074761905
0.0014285714
-0.035714287
-0.18333334
-0.14142857
-0.07952381
0.00047619047
-0.077619046
-0.050952382
-0.09809524
-0.008095238
-0.013333334
-0.15952381
-0.09380952
-0.15523809
-0.108095236
0.006190476
0.00095238094
0.006666667
-0.008095238
-0.099047616
-0.07904762
-0.07904762
0.00095238094
0.00047619047
-0.084285714
-0.0033333334
-0.07571428
-0.07904762
-0.0038095238
-0.065714285
-0.15523809
-0.032380953
-0.08285714
-0.12142857
-0.056190476
-0.108571425
-0.18380952
-0.14142857
-0.09809524
-0.07904762
-0.09809524
-0.15047619
-0.083333336
-0.023333333
0.007142857
-0.15047619
0.015714286
-0.16
-0.012380952
0.01
-0.13238095
-0.054285713
0.010476191
-0.0033333334
-0.21142857
-0.16
-0.08
-0.036190476
-0.050952382
-0.06904762
-0.06952381
-0.022380952
-0.083809525
0.0057142857
-0.16428572
-0.108095236
-0.17809524
-0.08
-0.0038095238
0.0014285714
-0.04095238
-0.12238095
-0.074285716
-0.083809525
-0.10333333
-0.0028571428
-0.054761905
-0.084285714
-0.15619047
-0.05
-0.13190477
0.0014285714
-0.09714286
-0.11238095
-0.0076190475
-0.08952381
-0.0023809525
-0.075238094
-0.14619048
-0.083809525
-0.074285716
-0.009047619
-0.18809524
-0.108095236
-0.18285714
-0.0038095238
-0.15142857
-0.11190476
-0.17095238
-0.15047619
-0.10285714
-0.15428571
-0.10714286
-0.09761905
-0.09428571
-0.06
0.016190477
-0.078095235
-0.007142857
-0.15047619
-0.036666665
-0.022380952
-0.117142856
-0.12142857
-0.0033333334
-0.15476191
-0.21714285
-0.108095236
-0.10714286
-0.022380952
-0.18380952
-0.15571429
-0.07047619
-0.07095238
-0.15380952
-0.108095236
-0.15666667
-0.16428572
-0.24095239
-0.23095238
-0.16095237
-0.18476191
-0.16190477
-0.10285714
-0.083809525
-0.24142857
-0.16571428
-0.22619048
-0.19238095
-0.15619047
-0.1995238
-0.03142857
-0.20714286
-0.18380952
-0.23238096
-0.08238095
-0.15095238
-0.102380954
-0.10333333
-0.17428571
-0.18809524
-0.20285714
-0.15476191
-0.08857143
-0.16428572
-0.07380953
-0.14142857
-0.20190476
-0.03190476
-0.074285716
-0.117619045
-0.026666667
-0.07095238
-0.1647619
0.006190476
-0.078095235
0.0
-0.2447619
-0.17428571
-0.11190476
-0.083809525
-0.108095236
-0.04095238
-0.122857146
-0.11666667
-0.09380952
-0.06476191
-0.07904762
-0.074285716
-0.19285715
-0.19190477
-0.06
-0.19285715
-0.16333333
-0.20285714
-0.074285716
-0.1604762
-0.13666667
-0.0847619
-0.16095237
-0.18904762
-0.12761904
-0.004761905
-0.17380953
-0.06952381
-0.074761905
-0.074761905
-0.11333334
-0.04142857
-0.054761905
-0.071428575
-0.06952381
-0.18761905
-0.117142856
-0.13619047
-0.10714286
-0.074761905
-0.07857143
-0.07
-0.15476191
0.0057142857
-0.078095235
-0.074285716
-0.083333336
-0.032380953
0.00095238094
-0.022380952
-0.08238095
-0.11238095
-0.036666665
-0.08952381
-0.083333336
-0.08809524
-0.15952381
-0.06952381
-0.04095238
-0.24
-0.16428572
-0.09190476
0.0057142857
-0.074761905
0.0019047619
-0.16380952
-0.24142857
-0.074761905
-0.03142857
-0.0028571428
-0.083333336
-0.18809524
-0.08809524
-0.10666667
-0.19095238
-0.1404762
-0.13571429
-0.15523809
-0.008095238
-0.10714286
-0.08857143
-0.15476191
-0.07904762
-0.108571425
-0.065238096
0.0014285714
-0.14904761
-0.18714286
-0.24380952
-0.11238095
-0.041904762
-0.07
-0.07
-0.00952381
-0.15952381
-0.11619048
-0.18428572
-0.15428571
-0.092857145
-0.15428571
0.0019047619
-0.0847619
-0.07571428
-0.022380952
-0.08857143
-0.14
-0.11238095
-0.092857145
-0.26857144
-0.13142857
-0.12238095
-0.027619047
-0.16428572
-0.10285714
-0.108095236
0.0019047619
-0.15904762
-0.06714286
-0.07952381
0.0014285714
-0.09380952
-0.07095238
-0.18380952
-0.14666666
-0.19285715
-0.117619045
-0.004285714
-0.075238094
0.004761905
-0.11857143
-0.15095238
-0.19714285
-0.12809524
-0.14095238
0.010952381
-0.10428572
-0.050952382
-0.09428571
0.010952381
-0.032857142
0.01
-0.23142858
-0.099047616
-0.11666667
-0.108571425
-0.074761905
-0.17428571
-0.23523809
-0.11190476
-0.15952381
-0.22238095
-0.16333333
-0.18761905
-0.117619045
-0.10714286
-0.07952381
-0.19142857
-0.1647619
-0.1404762
-0.11190476
-0.2447619
-0.2447619
-0.18857142
-0.15761904
-0.26904762
-0.08857143
-0.114285715
-0.19285715
-0.26809523
-0.1695238
-0.117619045
-0.18
-0.16904762
-0.18476191
-0.22761905
-0.22190475
-0.23619048
-0.2838095
-0.23619048
-0.1604762
-0.23238096
-0.16095237
-0.2642857
-0.18571429
-0.28809524
-0.24
-0.27
-0.19380952
-0.20285714
-0.16
-0.19333333
-0.15095238
-0.08095238
-0.2642857
-0.15095238
-0.22238095
-0.20761904
-0.23190476
-0.1695238
-0.19285715
-0.19761905
-0.07571428
-0.2647619
-0.24333334
-0.22666667
-0.19
-0.28857142
-0.1747619
-0.2452381
-0.2652381
-0.2452381
-0.23619048
-0.20476191
-0.1452381
-0.19809523
-0.1647619
-0.19666667
-0.18857142
-0.18761905
-0.11238095
-0.03142857
-0.26857144
-0.20238096
-0.1647619
-0.12809524
-0.07
-0.16
-0.19666667
-0.2452381
-0.12666667
-0.3061905
-0.16809523
-0.14
-0.13190477
-0.07047619
-0.25
-0.14571428
-0.21095239
-0.24619047
-0.1647619
-0.16095237
-0.2495238
-0.09428571
-0.14666666
-0.22142857
-0.19761905
-0.24047619
-0.19809523
-0.15476191
-0.21190476
-0.19761905
-0.24095239
-0.21238095
-0.19809523
-0.10285714
-0.19380952
-0.20761904
-0.16095237
-0.23666666
-0.11809524
-0.18380952
-0.17095238
-0.24047619
-0.2657143
-0.20857143
-0.1647619
0.00047619047
-0.19857143
-0.19857143
-0.19380952
-0.23619048
-0.28285715
-0.10428572
-0.20714286
-0.06952381
-0.008571428
-0.08095238
-0.11190476
-0.19857143
-0.18333334
-0.09761905
-0.09952381
-0.16428572
-0.074761905
-0.18333334
-0.08809524
-0.16904762
-0.099047616
-0.17952381
-0.14952381
-0.083809525
-0.19714285
-0.18333334
-0.25619048
-0.10666667
-0.20666666
-0.21095239
-0.10285714
-0.19761905
-0.15523809
-0.18238096
-0.16428572
-0.06952381
-0.012380952
-0.083809525
-0.24380952
-0.18714286
-0.11809524
-0.06952381
-0.07380953
-0.045714285
-0.20571429
-0.1452381
-0.17333333
-0.049523808
-0.117142856
-0.17333333
-0.083333336
-0.05142857
0.0014285714
-0.093333334
-0.11666667
-0.12142857
-0.10761905
-0.13095239
0.010952381
-0.15857142
-0.022857143
-0.07952381
-0.16380952
-0.18380952
-0.08857143
-0.036666665
-0.10333333
-0.04095238
0.0019047619
-0.022857143
-0.07904762
-0.15952381
-0.15428571
0.010476191
-0.16428572
-0.083333336
0.00047619047
-0.027619047
-0.21095239
0.023809524
-0.07904762
0.0057142857
-0.018095238
-0.074285716
-0.07904762
0.004761905
-0.15
-0.1695238
-0.03190476
-0.004285714
-0.19333333
0.0052380953
-0.0028571428
-0.046190478
0.006190476
-0.15476191
-0.15952381
-0.06952381
-0.07047619
0.015714286
0.0052380953
-0.023333333
0.00095238094
-0.084285714
-0.083809525
-0.074285716
-0.07
-0.10761905
-0.12666667
-0.075238094
-0.10380952
-0.03190476
-0.083333336
0.0014285714
-0.0052380953
-0.022857143
-0.12714286
-0.041904762
-0.0076190475
-0.071428575
-0.08
-0.16333333
-0.06666667
-0.004285714
-0.07
-0.065238096
-0.08904762
-0.15523809
-0.102380954
-0.08
-0.010476191
0.016190477
0.01
0.023809524
-0.16904762
-0.09809524
-0.071428575
-0.074761905
-0.11285714
-0.065238096
-0.066190474
0.00047619047
-0.07047619
-0.06
-0.08047619
-0.078095235
-0.108095236
-0.022380952
-0.065238096
-0.07904762
0.018571429
-0.15904762
-0.15523809
0.0014285714
0.015714286
0.01
-0.021904763
-0.021904763
-0.013333334
-0.06952381
-0.10333333
-0.055714287
-0.026190476
-0.018571429
-0.15428571
-0.12142857
-0.10285714
-0.15571429
-0.15904762
-0.15047619
-0.117142856
-0.074285716
-0.11285714
-0.07
-0.06047619
-0.07952381
-0.16
-0.11190476
-0.12666667
-0.06952381
-0.15952381
-0.15809524
-0.15476191
-0.07571428
-0.07095238
-0.075238094
-0.084285714
-0.15571429
0.01904762
-0.06952381
0.010476191
-0.06476191
-0.065714285
-0.108571425
-0.07952381
0.019523809
-0.16904762
-0.06476191
-0.19809523
-0.11285714
-0.07952381
-0.1604762
-0.16333333
-0.06952381
-0.074761905
-0.16809523
-0.19666667
-0.10714286
-0.13095239
-0.18333334
-0.07380953
-0.077619046
-0.07904762
-0.15428571
-0.07857143
-0.07857143
-0.06428572
-0.11190476
-0.12619048
-0.15904762
-0.15904762
-0.08761905
-0.1452381
-0.07380953
-0.07952381
-0.06952381
-0.07952381
-0.06952381
-0.16857143
-0.09809524
-0.07904762
-0.07333333
-0.08761905
-0.16428572
-0.20190476
-0.07380953
-0.11095238
-0.16428572
-0.11190476
-0.21095239
-0.06952381
-0.07380953
-0.11238095
-0.036666665
-0.16
-0.19761905
-0.15476191
-0.07047619
-0.027619047
-0.15952381
-0.07333333
-0.065238096
-0.16380952
-0.19285715
-0.1695238
-0.15904762
-0.16
-0.111428574
-0.13571429
-0.1447619
-0.086666666
-0.037619047
-0.07
-0.15
-0.023333333
-0.18285714
-0.12666667
-0.083809525
-0.07904762
-0.021428572
-0.12619048
-0.15428571
-0.07
0.020952381
-0.032380953
-0.24
-0.099047616
-0.06952381
-0.13619047
-0.12190476
-0.068571426
-0.10285714
-0.046666667
-0.15047619
0.014761905
-0.08
-0.08761905
-0.108095236
-0.13666667
-0.16857143
-0.16
-0.16428572
-0.084285714
-0.117619045
-0.074761905
-0.15523809
-0.15952381
-0.11333334
-0.12190476
-0.16904762
-0.16
-0.11190476
-0.15619047
-0.117142856
-0.08904762
-0.1647619
0.010952381
-0.08857143
-0.24047619
-0.08904762
-0.1452381
-0.21095239
-0.15571429
-0.108095236
-0.1695238
-0.032380953
0.015714286
-0.11190476
-0.11285714
-0.045714285
-0.07857143
-0.10333333
-0.046666667
-0.11285714
-0.036666665
-0.16809523
0.0019047619
-0.07904762
-0.07952381
-0.074285716
-0.16809523
-0.08809524
-0.06047619
-0.065238096
0.015238095
0.0014285714
0.010952381
-0.10714286
-0.016666668
-0.030952381
-0.06952381
-0.07380953
0.019523809
-0.15571429
-0.11666667
-0.06904762
0.010476191
0.015714286
-0.084285714
-0.10761905
-0.074285716
-0.07380953
-0.06952381
-0.06428572
-0.07
-0.06476191
-0.14571428
-0.06428572
-0.15952381
-0.03142857
-0.012380952
-0.074761905
-0.11190476
-0.1404762
-0.12095238
-0.0033333334
-0.1452381
-0.06904762
0.010476191
-0.19238095
-0.06904762
0.025714286
-0.021904763
-0.083333336
0.010952381
-0.07380953
-0.1352381
-0.03142857
0.010476191
-0.10619047
-0.068571426
-0.06904762
-0.026666667
-0.065238096
-0.111428574
-0.13142857
-0.15904762
-0.06476191
0.006190476
0.011428571
-0.08857143
-0.037619047
0.015714286
-0.15904762
0.006190476
-0.027142856
-0.083333336
0.010952381
0.0014285714
0.020952381
0.020952381
0.010952381
0.02047619
-0.07952381
0.010952381
-0.06904762
-0.1452381
0.010952381
0.016190477
0.021428572
-0.06476191
-0.15428571
0.0019047619
-0.008095238
-0.15
-0.074285716
-0.07952381
-0.06904762
0.015714286
-0.068571426
-0.07333333
-0.03190476
0.006666667
-0.10666667
-0.20714286
-0.074285716
0.006666667
-0.07047619
0.0019047619
-0.06428572
0.02047619
0.011428571
0.0014285714
-0.074761905
0.015238095
-0.15523809
-0.15523809
0.00095238094
-0.07904762
-0.1647619
-0.10761905
-0.16380952
0.01
-0.07857143
0.01
0.010952381
-0.06952381
0.0014285714
0.006190476
-0.0038095238
-0.07047619
0.010476191
-0.074285716
0.0014285714
0.00095238094
-0.0033333334
-0.06476191
0.02
-0.108095236
-0.04047619
0.00095238094
-0.0038095238
-0.0028571428
-0.07380953
0.0014285714
0.006666667
-0.022380952
-0.16
0.006190476
-0.0028571428
-0.008571428
-0.0033333334
-0.06952381
0.006666667
0.0057142857
0.00047619047
-0.004285714
-0.07904762
-0.03190476
-0.035714287
-0.0028571428
-0.0033333334
-0.06952381
-0.0028571428
-0.0038095238
0.025714286
0.016190477
-0.022380952
0.00095238094
0.011428571
-0.05952381
0.020952381
0.0057142857
0.010476191
0.010952381
-0.06047619
0.006666667
-0.037142858
-0.021904763
0.016190477
0.020952381
0.025238095
0.025714286
0.010476191
-0.083809525
-0.08047619
0.006666667
-0.07952381
-0.074285716
-0.0033333334
-0.093333334
0.016190477
-0.074285716
0.016190477
-0.15
-0.013333334
0.015238095
-0.021904763
-0.06476191
0.0057142857
-0.07904762
-0.15428571
-0.23476191
0.010476191
0.010952381
-0.06476191
-0.07333333
0.0014285714
0.006666667
0.00095238094
-0.083809525
0.015714286
0.011428571
0.006190476
0.02
-0.074285716
0.016190477
0.020952381
0.010952381
-0.06428572
0.015238095
0.015714286
-0.074285716
0.016190477
-0.10714286
-0.036666665
0.016190477
0.020952381
0.025238095
-0.026190476
-0.045238096
-0.036666665
-0.16380952
-0.06380952
-0.15
-0.07
0.015714286
0.010952381
-0.074285716
0.010952381
0.015714286
0.006666667
0.020952381
-0.16380952
-0.074285716
0.02
-0.10761905
0.0019047619
-0.06904762
-0.06
0.020952381
0.006190476
-0.06904762
-0.07952381
0.010952381
-0.074285716
-0.021904763
-0.12190476
0.006666667
-0.075238094
-0.07857143
0.016190477
0.015714286
-0.068571426
0.011428571
0.02
0.020952381
-0.022380952
0.006666667
-0.0847619
0.016190477
0.020952381
0.016666668
0.016190477
-0.07047619
-0.07333333
-0.021904763
-0.11190476
-0.083333336
0.025714286
0.015238095
-0.022380952
-0.036190476
0.011904762
0.011428571
-0.026666667
-0.030952381
0.02047619
-0.021904763
0.00095238094
-0.06
0.025714286
0.011428571
0.025714286
-0.08523809
-0.07380953
-0.11238095
-0.07380953
-0.15904762
-0.023333333
0.015238095
-0.11238095
-0.12666667
-0.1452381
-0.11285714
-0.07904762
-0.14571428
-0.017142856
-0.037142858
-0.06476191
0.0057142857
-0.06952381
0.025238095
-0.021904763
0.02047619
-0.083809525
-0.074285716
0.02
0.016190477
0.020952381
0.03
-0.07380953
-0.0028571428
-0.06428572
-0.083809525
-0.012857143
0.015714286
0.025238095
0.016190477
0.02047619
-0.102380954
0.025714286
0.016190477
-0.017142856
0.02047619
0.011428571
0.011428571
-0.07904762
-0.06
-0.06476191
-0.078095235
0.011904762
0.0019047619
-0.013333334
-0.11190476
-0.07952381
-0.074285716
-0.08952381
-0.07333333
-0.07
0.016666668
-0.07952381
0.010476191
0.010952381
-0.07904762
-0.11238095
-0.0038095238
-0.017142856
0.020952381
0.0014285714
-0.09809524
-0.15047619
0.010952381
-0.093333334
-0.07380953
-0.06
-0.055238094
-0.03142857
-0.06952381
-0.074285716
0.02047619
0.0019047619
0.006190476
0.010952381
-0.07904762
-0.030952381
-0.07380953
-0.065238096
0.016666668
-0.06904762
0.016190477
-0.027142856
-0.11619048
-0.027619047
-0.12142857
-0.06952381
0.021428572
0.0019047619
0.02047619
-0.06904762
-0.06952381
-0.07
-0.06380952
0.006666667
0.011904762
-0.074285716
-0.06428572
-0.06952381
-0.07333333
0.016666668
0.02047619
0.025714286
0.010476191
0.015714286
0.025714286
0.016190477
-0.026190476
-0.03190476
-0.06904762
-0.06952381
0.016190477
0.00047619047
-0.078095235
0.010952381
0.015714286
-0.07380953
-0.026190476
-0.04047619
-0.021904763
-0.036190476
-0.08809524
-0.06904762
-0.16
-0.074285716
-0.06952381
0.015714286
-0.07952381
-0.05047619
-0.07380953
0.010952381
0.03
0.025714286
0.025714286
0.011428571
-0.07952381
0.011428571
0.015238095
0.0014285714
-0.15
-0.074285716
0.0
-0.07
-0.07857143
0.016190477
0.006666667
-0.06476191
-0.016666668
0.016190477
0.007142857
0.011428571
0.025238095
-0.06952381
0.0019047619
-0.074285716
0.015238095
0.015714286
0.016190477
0.020952381
0.01
0.016190477
-0.017619047
-0.05952381
0.02047619
0.02047619
0.010476191
-0.06428572
0.011428571
0.02047619
-0.05952381
0.006666667
-0.15047619
0.02
0.015714286
-0.07904762
-0.06047619
0.016190477
-0.0847619
0.03
0.006666667
0.014285714
0.015714286
-0.074761905
0.025238095
-0.06952381
0.03
-0.065238096
-0.06476191
-0.18809524
-0.09761905
-0.20285714
0.020952381
0.016190477
-0.022380952
0.016190477
-0.06095238
0.015714286
0.019523809
0.004761905
0.015714286
0.025714286
0.024285715
0.014761905
-0.07380953
-0.074761905
-0.0033333334
-0.05
-0.10285714
-0.042857144
0.02047619
0.010952381
0.02047619
0.015714286
-0.07380953
0.025714286
0.02047619
0.010476191
0.016666668
0.02
-0.074285716
0.011428571
0.016190477
-0.07047619
0.015714286
-0.07952381
-0.10285714
-0.03190476
0.006666667
0.01904762
0.025714286
0.0014285714
0.010952381
0.014761905
-0.0028571428
-0.06476191
-0.074761905
0.011428571
-0.11190476
-0.026666667
-0.16380952
-0.054761905
0.020952381
-0.16380952
0.011428571
0.025238095
-0.1452381
-0.026190476
-0.12190476
0.02047619
0.0057142857
0.011428571
0.006190476
0.010952381
0.025714286
-0.021904763
-0.0033333334
0.02047619
0.025238095
-0.06
-0.021428572
0.0019047619
0.010476191
0.025714286
0.006190476
-0.06476191
0.010952381
0.02047619
0.021428572
-0.07
0.011428571
-0.07857143
0.016190477
0.016190477
0.025238095
0.0023809525
0.015238095
0.025238095
0.02047619
-0.017142856
-0.055238094
0.015238095
0.011428571
0.03
0.025714286
0.025714286
-0.06
0.0014285714
0.020952381
0.010476191
-0.06
0.02047619
0.021428572
0.03
-0.07380953
-0.06428572
0.015238095
-0.027142856
-0.04095238
-0.09857143
0.020952381
-0.022857143
-0.084285714
-0.065714285
0.010952381
0.01904762
0.025714286
0.025238095
-0.012380952
0.03
-0.06476191
0.010476191
0.010952381
-0.07380953
0.025714286
-0.07333333
-0.06
0.006666667
0.016666668
-0.09857143
-0.04095238
-0.093333334
-0.05190476
0.010952381
-0.06952381
-0.068571426
-0.0033333334
-0.055238094
0.016190477
-0.05952381
-0.008095238
-0.074285716
-0.06
-0.011904762
-0.06476191
0.016190477
-0.07095238
-0.055238094
-0.15047619
-0.022380952
-0.12142857
-0.03190476
-0.23523809
0.006190476
0.02047619
-0.056190476
-0.065714285
-0.06904762
0.025714286
0.00095238094
0.03
-0.017619047
-0.03142857
0.010952381
-0.06428572
-0.07380953
0.010952381
0.015714286
-0.06428572
0.004761905
-0.065714285
-0.036666665
0.02047619
-0.06428572
0.025714286
-0.14571428
0.015714286
-0.05047619
0.010952381
-0.0038095238
0.016190477
0.02
0.0057142857
-0.16857143
0.025238095
-0.084285714
0.014761905
0.015714286
-0.108095236
-0.06714286
0.006190476
0.02047619
0.006666667
-0.027619047
-0.036190476
0.025714286
0.011428571
-0.07
0.010952381
-0.065714285
-0.06428572
0.0019047619
0.011904762
-0.06476191
-0.06952381
0.020952381
-0.065238096
-0.06952381
-0.065714285
-0.10714286
0.02
-0.06047619
0.02904762
0.016190477
-0.016666668
-0.06476191
0.02047619
0.019523809
0.02047619
-0.008095238
0.007142857
0.015714286
0.02047619
0.025714286
-0.06
0.0057142857
-0.06952381
0.006666667
0.0057142857
-0.07047619
-0.07857143
0.006190476
0.016190477
-0.06476191
-0.15952381
0.010952381
-0.016666668
-0.20238096
0.006666667
0.02047619
0.016190477
0.02
-0.017142856
-0.11190476
-0.07380953
-0.065238096
-0.07857143
-0.055238094
-0.07904762
0.0019047619
0.016190477
-0.06476191
0.02047619
0.024761904
0.02
0.016190477
0.006190476
0.006190476
-0.023333333
-0.04095238
0.03
0.010476191
-0.06952381
0.025238095
0.0014285714
0.024285715
-0.06047619
0.020952381
-0.06476191
-0.102380954
-0.065714285
-0.0847619
-0.04095238
0.0057142857
0.02047619
-0.06476191
-0.06
0.011428571
0.011428571
0.006666667
0.025714286
-0.014285714
0.016190477
-0.07380953
0.02
0.011428571
-0.084285714
-0.099047616
-0.075238094
0.006666667
-0.055238094
-0.074285716
-0.06476191
-0.06952381
-0.013333334
-0.11190476
0.015714286
-0.14571428
-0.07857143
0.03
0.011904762
-0.07904762
0.010476191
0.016190477
-0.074285716
0.011428571
0.016190477
