45.36491
65.605354
58.30814
56.802784
66.12641
73.12619
62.855457
61.99096
66.26814
53.370987
45.420166
57.91727
56.403973
58.751915
72.4009
65.51261
56.944256
64.203896
58.35931
51.59571
28.722647
60.11968
37.95664
54.54618
49.53623
61.816486
54.828793
55.84629
44.870956
50.92594
52.606182
51.709824
48.92541
48.723965
46.002842
50.16
53.01783
43.583
48.997807
57.169216
50.98457
50.717293
44.68223
39.5179
37.45315
31.243456
48.59977
42.66298
40.454105
35.68427
40.9243
39.109013
41.710434
37.123592
25.21035
24.392948
23.606567
33.91603
38.127064
36.87181
39.11119
32.51147
37.58448
36.026554
28.931738
38.68382
30.049873
33.440422
36.72284
31.747372
22.217962
35.43707
30.460093
31.554562
34.231873
27.807371
26.558165
24.358002
28.78619
14.737143
32.48528
21.534943
27.503546
27.732327
27.143023
26.59058
25.342718
24.169886
23.053404
24.048655
26.670797
23.852118
20.20888
26.337183
21.605259
21.134975
22.9823
21.810053
16.055723
21.194502
19.14436
20.698383
22.6135
18.716524
21.390875
20.237291
18.228956
17.681847
18.5804
17.383837
18.829233
18.169489
16.774569
16.948404
15.64292
14.121114
17.039997
13.612594
16.20873
15.125321
11.725619
13.356969
14.09499
13.072648
12.592865
11.049332
13.713593
10.348821
13.049866
11.644359
9.674968
13.157765
12.311321
11.33247
11.673659
13.581141
11.749783
10.530836
11.289592
14.153827
10.204656
9.622468
11.05282
8.987993
8.504583
7.7766857
7.7169976
9.175892
5.469435
8.374419
8.981791
9.538767
6.7562356
9.310841
10.5594635
7.860415
7.9864626
9.833568
6.8546953
7.995002
8.491701
7.64612
7.7467875
7.732223
7.2812123
8.121497
7.186561
5.5404725
5.8072906
7.6182256
5.8671246
6.534755
9.06537
7.8631234
7.8801703
6.124578
7.3505397
7.4344797
9.634589
6.349719
6.977066
8.833341
8.3369
5.8856974
7.329132
8.570156
9.294558
8.482321
7.943625
7.0561295
7.414587
11.019181
6.7769628
7.328456
11.133067
9.514408
9.044144
7.8119183
14.429669
6.3979573
5.6734815
5.2044883
5.942503
4.8900404
5.553071
4.523982
10.198278
8.268099
5.4556603
5.4696608
7.564854
5.32384
8.204642
3.6528246
7.3411736
5.290696
6.0212526
5.780153
4.682674
5.284696
8.151724
6.3055053
3.560871
5.2434053
5.7147527
7.8008313
7.4208856
5.420428
8.110072
7.0779114
4.493996
7.1687293
5.7996545
7.115356
7.768436
8.042502
7.7044616
5.916598
6.390144
4.651064
9.114481
4.198384
5.526487
5.9919696
5.269901
5.5909424
6.482526
8.110873
13.504083
6.7604127
6.6838326
5.954517
5.9383817
5.8100533
6.1706634
5.670139
5.7815914
7.8431573
4.0731015
5.8988204
6.803639
6.276046
6.9536223
6.5068316
7.420432
9.31925
10.339102
8.058082
6.08973
6.4218516
5.900899
7.2057347
6.943118
4.886256
3.9104218
5.081785
4.7792206
8.787664
5.013327
5.30082
6.3573966
6.5395017
7.7559724
6.9426317
10.882248
7.253835
7.268644
8.642552
6.785476
6.672689
6.623895
6.392312
6.668772
6.0007854
7.9187155
7.30935
13.005266
7.154913
6.2330856
7.0861382
6.6552796
4.995937
5.980001
6.026479
6.1291018
6.3008657
10.283759
7.9321675
6.436926
7.3095627
7.993385
11.435612
7.810282
6.748923
6.331778
6.0143447
4.920028
5.240777
5.822611
6.9426107
6.317591
5.4766994
6.194242
8.171012
6.8215027
7.418137
6.922312
7.1645336
7.494771
8.514331
5.3420434
7.9247937
6.827687
13.298844
6.978232
6.48381
6.1555834
5.744426
6.9998727
4.8884435
5.9410677
9.933799
4.9844513
6.637307
7.0318966
7.5606437
5.887052
6.792607
5.7531233
5.595329
5.622927
9.158421
6.8792186
5.958022
6.031865
6.6881623
6.8837147
7.003852
6.5818963
6.3628297
7.1857786
5.558395
6.1077423
6.001073
6.0667133
5.2089696
4.717269
5.5161867
5.8158016
4.760199
5.5598707
4.439591
5.172157
4.58894
4.8017197
4.6349244
4.606014
4.8169703
3.774172
4.30545
3.4800177
4.566116
3.305184
6.6563177
3.2706645
3.7478952
3.997793
5.3468504
3.8558197
3.1895354
3.2058642
4.855231
4.335606
4.231221
5.350987
5.699854
5.45171
4.421514
5.2192225
4.407293
5.0033445
5.90653
4.9589252
4.5957856
6.526061
7.9496164
6.3279753
6.7958016
5.0077047
4.616213
6.3671136
5.246888
7.9610724
4.898545
5.2151313
6.111669
4.817928
5.3924475
4.8885293
6.109025
2.502747
4.5500484
6.8231907
4.987422
4.1907845
3.469392
5.878517
5.7664843
4.1934533
2.9992385
3.8537135
5.105614
6.4994
3.6705906
4.363134
5.1526084
3.3871667
5.4859066
3.8001401
6.5765624
5.370989
8.871458
5.508222
6.0907288
5.79044
4.4637246
2.9323146
5.298722
4.5570765
5.470009
6.4325023
4.10173
5.8626275
3.522381
3.380817
3.8881145
4.40529
5.548699
5.040746
5.6927285
5.2394857
5.2479715
5.421957
5.962791
4.7156744
4.3220315
4.693725
4.254089
4.9800997
3.4095318
4.6991906
6.64746
3.9312599
5.743756
3.3051288
7.1487346
4.712794
5.1061416
4.882574
7.715529
5.150513
3.671649
5.5581884
3.0965202
4.4354787
4.480898
4.1503077
3.2818005
4.3577876
4.1067486
4.877208
2.9001608
2.2882211
4.4581313
2.7376366
4.8514395
2.8101606
3.5370321
3.424636
2.4415267
3.5431087
4.352267
3.9958785
5.673579
2.9069746
4.2419386
4.04029
5.4413376
3.0117502
3.1764793
2.2208402
4.4178987
3.0393245
4.17075
2.8804753
3.5162265
3.2723386
2.681268
5.0760226
4.606096
4.2171335
5.887702
6.192855
3.5499039
3.7402558
3.5085266
6.9374266
3.8584523
3.727882
3.0742025
3.276666
4.5528817
3.7332292
4.1422863
4.0588026
5.452422
5.4938145
3.8485281
3.8539772
6.596693
5.2189503
3.1987064
1.8023118
4.3501534
4.9309525
3.0850732
4.90678
4.044371
4.172344
4.4692273
5.8271484
5.339741
3.4870098
4.720245
4.5931787
3.9216712
3.550073
3.76509
3.06702
3.9644015
4.0289335
4.004003
4.6358767
2.6687186
3.561295
2.9731755
2.427791
3.129185
2.5248766
2.3852208
3.6628337
4.675088
3.1248105
2.7881856
3.0318773
3.4722648
2.5244706
2.7943938
6.8291125
4.187881
2.6094122
2.6968412
4.2848907
2.8981168
1.8850234
4.068647
1.875111
3.8370738
3.3832622
8.81873
4.4304194
1.3767726
3.7768219
3.992859
2.8263
4.7979198
4.7905254
2.3878868
3.0272305
2.4487424
3.7484345
5.117305
4.0998645
4.094263
5.045105
3.4400423
4.464089
5.115662
5.222915
5.97141
6.6359925
4.8122606
5.9608583
3.6376994
3.842747
4.906884
6.3449273
5.4205117
4.083991
4.2337084
4.2604465
3.846855
3.2009199
4.6250753
5.772983
3.4511743
3.4830317
3.8141267
5.180359
4.6407638
2.4064043
4.635131
4.1539593
6.0566936
5.6593504
3.6898994
3.5415053
4.713481
3.7916532
5.0209174
4.550809
3.2043707
3.2600744
3.6975675
4.652768
3.963271
5.5299206
2.9210706
4.013376
5.2245617
3.9310222
3.9582312
3.2991686
4.316804
2.7819324
3.3672862
3.3322456
4.3113866
5.86629
3.951683
5.854083
4.0686545
4.9504185
3.397902
3.1243227
3.4872322
3.4888844
3.353926
4.4083843
3.0647438
2.3487966
6.6641684
8.152315
3.2371
2.1514678
4.291998
2.632365
2.9994466
1.9216534
3.613664
2.9959676
2.3223357
2.413668
2.8896003
2.9667914
