-0.14607826
-0.202038
-0.18859844
-0.1781834
-0.21014094
-0.23613587
-0.20126653
-0.2018384
-0.21990402
-0.17724203
-0.15619631
-0.20276555
-0.19127151
-0.20445609
-0.24944964
-0.2309415
-0.20237482
-0.22857833
-0.20838818
-0.19044882
-0.119796
-0.22109628
-0.15142597
-0.20872314
-0.18959218
-0.23168135
-0.21946709
-0.22137237
-0.18363279
-0.20270006
-0.21099627
-0.2131367
-0.20066294
-0.2082906
-0.19432457
-0.21374819
-0.22833543
-0.18663919
-0.21092813
-0.24237883
-0.2224224
-0.22831285
-0.20941833
-0.18457271
-0.17482506
-0.14893973
-0.23053198
-0.20700303
-0.20040348
-0.17981003
-0.20954165
-0.19712576
-0.2103486
-0.19418117
-0.13794471
-0.13292322
-0.1268971
-0.18427691
-0.20930445
-0.20108739
-0.2121346
-0.18013439
-0.21066451
-0.20799199
-0.16457233
-0.22479849
-0.17425151
-0.19471577
-0.22035912
-0.19145449
-0.1301811
-0.22061105
-0.19385868
-0.2030447
-0.22296552
-0.17952915
-0.18475662
-0.15711884
-0.19310024
-0.090327404
-0.22409868
-0.14529696
-0.20521975
-0.21005079
-0.20179
-0.19934563
-0.19842274
-0.19778453
-0.17974052
-0.19648464
-0.21436104
-0.18849769
-0.15915327
-0.22842756
-0.18027437
-0.18255301
-0.20562263
-0.17252204
-0.120610975
-0.19112816
-0.18143174
-0.19156511
-0.21220672
-0.17259738
-0.18645528
-0.1905272
-0.17935833
-0.18666147
-0.16605166
-0.1697087
-0.19149327
-0.19184038
-0.18047826
-0.17146084
-0.1776057
-0.1525594
-0.20255037
-0.14134434
-0.20085089
-0.16721585
-0.12860158
-0.1449944
-0.1588159
-0.15750572
-0.16435476
-0.1336175
-0.1838542
-0.11732741
-0.15477163
-0.11774719
-0.12120632
-0.091615856
-0.16052432
-0.15771593
-0.1682893
-0.08217628
-0.18280038
-0.14003554
-0.18529586
-0.14991127
-0.112794064
-0.1353801
-0.14912346
-0.16185133
-0.11475195
-0.11297721
-0.1313843
-0.17608869
-0.0902523
-0.10850076
-0.16767582
-0.12467812
-0.122640505
-0.15832391
-0.1541157
-0.120841935
-0.14292035
-0.19434114
-0.14031474
-0.117895305
-0.1350703
-0.11965865
-0.14781773
-0.16466868
-0.14190465
-0.15207486
-0.13171783
-0.08567935
-0.11459599
-0.11577736
-0.12408501
-0.09782927
-0.09734712
-0.13040514
-0.14076166
-0.10214784
-0.07946982
-0.14199725
-0.14953241
-0.11448683
-0.12452145
-0.13098213
-0.113754295
-0.10767631
-0.08957051
-0.077049635
-0.15939616
-0.14503488
-0.11869321
-0.118021384
-0.1314745
-0.10178528
-0.11294629
-0.15756458
-0.08174293
-0.11737229
-0.0900877
-0.1270545
-0.07156335
-0.14586523
-0.13610853
-0.12701254
-0.14926706
-0.08164708
-0.120455265
-0.084297836
-0.09048094
-0.12463275
-0.100324295
-0.12560658
-0.10317459
-0.103893004
-0.10369822
-0.06009107
-0.08837835
-0.113542914
-0.068351425
-0.05974418
-0.110661544
-0.09162563
-0.0832114
-0.06493674
-0.07260496
-0.10056623
-0.11773932
-0.099394366
-0.07877448
-0.1217594
-0.12449006
-0.12405942
-0.061997436
-0.116391435
-0.07862494
-0.115223646
-0.08581695
-0.070329025
-0.08241924
-0.09245276
-0.07651596
-0.07098862
-0.08072745
-0.042602815
-0.07996578
-0.102081515
-0.07407391
-0.10122144
-0.105073825
-0.10093906
-0.06089569
-0.07408637
-0.055778813
-0.08522374
-0.07788002
-0.113602
-0.10017471
-0.10871067
-0.076588154
-0.09468593
-0.06197056
-0.116949596
-0.11649821
-0.11035453
-0.115788385
-0.11115582
-0.13147305
-0.103073195
-0.12533352
-0.09071873
-0.11511036
-0.10002772
-0.10545824
-0.13237154
-0.097370565
-0.095914885
-0.07756872
-0.08626809
-0.08706706
-0.09961959
-0.11657045
-0.08368495
-0.076705776
-0.095037
-0.12709792
-0.12457347
-0.11202669
-0.07559917
-0.11006312
-0.12038896
-0.15848427
-0.10025574
-0.1216413
-0.10432216
-0.12758581
-0.105182685
-0.18080102
-0.14823404
-0.13226385
-0.14031447
-0.11756994
-0.10026036
-0.12357551
-0.10746602
-0.15603764
-0.14770971
-0.15543684
-0.1440132
-0.113974415
-0.1130744
-0.17914009
-0.16289267
-0.104102015
-0.12477672
-0.104696274
-0.13288578
-0.14173079
-0.12811789
-0.08739547
-0.10378249
-0.11509404
-0.13970165
-0.13257779
-0.11029248
-0.11621326
-0.14557046
-0.14088836
-0.08311011
-0.0846115
-0.107107066
-0.10282489
-0.10802523
-0.1286695
-0.11352551
-0.12964252
-0.13266549
-0.10944015
-0.11704723
-0.13067904
-0.09118754
-0.122283116
-0.089905754
-0.11275373
-0.117899954
-0.09883569
-0.11159201
-0.102165
-0.10906236
-0.091656044
-0.08185996
-0.0948814
-0.06704974
-0.09702511
-0.11198876
-0.08374299
-0.10817893
-0.11167524
-0.111888945
-0.1318793
-0.12520106
-0.12986995
-0.103327096
-0.09491594
-0.068244755
-0.07680127
-0.10588622
-0.08200022
-0.08803612
-0.063657254
-0.07513882
-0.08723643
-0.09193376
-0.08386528
-0.052770842
-0.05918012
-0.045906316
-0.072494306
-0.060192984
-0.07754819
-0.06618379
-0.06873281
-0.063859954
-0.054642987
-0.07310835
-0.047341555
-0.12278384
-0.06342792
-0.045384403
-0.055249404
-0.052768778
-0.08157486
-0.05665245
-0.049836945
-0.04923909
-0.060159348
-0.061018366
-0.06866096
-0.087280974
-0.06504805
-0.06471966
-0.078142926
-0.06335972
-0.062013187
-0.07659521
-0.08517299
-0.0689827
-0.057216614
-0.09606911
-0.07793917
-0.11852087
-0.098912545
-0.06863981
-0.10469296
-0.084161036
-0.0769578
-0.07727686
-0.11140786
-0.085489646
-0.058344096
-0.073300794
-0.087016225
-0.0659492
-0.03209291
-0.076578215
-0.09089021
-0.068165936
-0.06441968
-0.062741086
-0.08146152
-0.09280936
-0.07421814
-0.055688374
-0.07797333
-0.09538235
-0.083032496
-0.04377094
-0.09101188
-0.08571988
-0.05245473
-0.10949703
-0.05711577
-0.1241117
-0.11977613
-0.098594055
-0.105366275
-0.13156077
-0.08008995
-0.114693746
-0.043365188
-0.09776816
-0.094484575
-0.113272905
-0.08031473
-0.07805608
-0.07917105
-0.042110063
-0.07691195
-0.07765401
-0.05194409
-0.10145132
-0.07795808
-0.08948133
-0.07343984
-0.11847395
-0.13112922
-0.09460677
-0.0689999
-0.08214922
-0.09733275
-0.09352056
-0.11452637
-0.060862422
-0.09245996
-0.09200287
-0.07133158
-0.08442662
-0.050876696
-0.10369365
-0.067683995
-0.05281847
-0.08175759
-0.07244087
-0.06558748
-0.05256138
-0.09698792
-0.06409184
-0.06020063
-0.1047333
-0.09271542
-0.059945613
-0.09657035
-0.077025965
-0.08333649
-0.05252098
-0.036520123
-0.0985543
-0.05104385
-0.06980358
-0.07235347
-0.057763647
-0.0652944
-0.05153376
-0.06477897
-0.09129176
-0.08184085
-0.095464215
-0.053445667
-0.07600651
-0.057552896
-0.050643645
-0.050902814
-0.05199746
-0.05534757
-0.055519868
-0.08018472
-0.081027485
-0.05270688
-0.06538283
-0.063209
-0.05963532
-0.11242904
-0.05947057
-0.0934029
-0.08916284
-0.1045117
-0.064826176
-0.068401255
-0.06939275
-0.11021306
-0.086687
-0.071775615
-0.07174791
-0.07097533
-0.096238896
-0.086008176
-0.06094709
-0.095860094
-0.14680324
-0.10318556
-0.08027514
-0.07940449
-0.10636586
-0.055819083
-0.059019767
-0.039096415
-0.08958471
-0.087756075
-0.08393667
-0.06928299
-0.09101299
-0.08699824
-0.10634907
-0.10504147
-0.07215471
-0.070975736
-0.08863952
-0.07817085
-0.06928544
-0.07212937
-0.08437438
-0.055691518
-0.08214413
-0.0790034
-0.08479729
-0.080531016
-0.040633533
-0.07049387
-0.050219756
-0.035998568
-0.045438033
-0.04316891
-0.053797625
-0.077662006
-0.11183196
-0.07740059
-0.08719481
-0.07424382
-0.063268386
-0.044245347
-0.050664283
-0.072691135
-0.07455132
-0.064713694
-0.06477047
-0.083219156
-0.037624158
-0.041084386
-0.07224318
-0.032983847
-0.08535578
-0.05455197
-0.08166816
-0.07661958
-0.03948372
-0.07290306
-0.07795289
-0.045491688
-0.056743752
-0.051739115
-0.038820874
-0.048273616
-0.057347693
-0.062023677
-0.08664049
-0.06309734
-0.09149598
-0.08741557
-0.08669085
-0.09053918
-0.09770118
-0.095134
-0.04774516
-0.08356984
-0.08159466
-0.12497387
-0.09327041
-0.066826366
-0.10240932
-0.083315745
-0.10427805
-0.09392926
-0.08764092
-0.08666147
-0.056531608
-0.07383567
-0.087566465
-0.07961404
-0.078645796
-0.09931071
-0.077587746
-0.102888145
-0.073841676
-0.052373927
-0.10959293
-0.07953285
-0.110779546
-0.08946349
-0.087032706
-0.070574276
-0.060836308
-0.07097623
-0.07462126
-0.073153004
-0.076895036
-0.073679194
-0.07901204
-0.090347305
-0.082389325
-0.116268516
-0.054974068
-0.062279146
-0.105664805
-0.09281207
-0.09161381
-0.047616273
-0.096439704
-0.05307635
-0.05891625
-0.061532278
-0.09306225
-0.07471093
-0.08837345
-0.08938769
-0.09855099
-0.1328601
-0.07849802
-0.070608094
-0.06840966
-0.087524004
-0.07105734
-0.098199554
-0.08846031
-0.06700198
-0.09198636
-0.10366511
-0.08295119
-0.06254886
-0.069214515
-0.0860969
-0.065778
-0.049286745
-0.07788502
-0.0633603
-0.052967142
-0.060272384
-0.047796626
-0.075822346
