159.89139
107.358086
143.05295
154.53691
191.06729
153.06125
151.32571
207.95282
133.86693
139.50702
137.19768
151.29623
116.22336
115.43145
171.33585
159.25145
182.44264
182.9075
205.67213
140.31769
204.83768
206.80759
167.85631
198.75432
180.55391
140.38882
165.64381
181.95403
147.80789
163.3593
188.64378
141.68456
159.3765
170.76541
195.27618
165.65161
167.89102
178.49713
132.49966
154.82077
129.39714
126.97459
189.07701
151.2752
188.11792
185.19252
166.29102
139.30826
161.35226
147.33957
171.17416
147.54643
160.80504
155.48698
171.25874
116.81279
125.32438
147.05855
138.06184
162.73161
136.5002
141.68878
168.55891
141.65869
118.80077
125.09547
146.07748
139.61938
135.5694
109.73022
131.02977
120.64961
130.4757
106.953354
128.30939
124.09621
117.840034
121.58346
108.778175
97.99345
104.50007
103.755936
113.83262
108.48279
106.93975
99.59023
88.596954
111.19559
130.14447
94.520874
88.864136
92.3136
102.14733
106.88383
104.037766
94.27961
87.71231
91.05965
89.98551
85.84545
95.82528
101.4465
102.19988
73.10506
99.191284
113.0349
69.872795
101.346504
99.40029
76.10301
74.38301
92.84915
87.95567
89.3236
88.29452
69.81381
90.55931
98.6558
79.56174
89.02889
114.24491
90.18043
70.985725
102.99285
74.098946
78.131195
75.12175
67.640564
84.684944
84.36848
70.56228
79.100784
73.62535
79.24271
91.02742
73.08271
68.21374
61.46078
67.57631
62.016422
75.77962
80.4464
72.10116
75.82473
53.671314
68.80687
61.90849
69.845184
73.03735
78.67581
57.4539
63.50078
63.600605
77.434654
67.91739
60.146553
68.39379
76.70909
73.47111
69.98383
81.93676
61.956722
59.829327
79.11878
76.28292
60.630886
61.573063
67.89057
52.84948
61.757095
70.21328
56.874287
60.004673
77.06235
62.511852
66.59596
81.03188
82.67665
67.17726
58.017063
48.53579
59.409462
60.57434
68.67398
69.63761
61.020523
62.915596
68.62869
61.57615
76.47825
70.35113
54.79658
80.53577
61.879314
75.60913
70.34703
77.758385
59.525616
69.193726
77.76909
64.55942
53.079735
82.105644
59.17155
69.79029
57.63554
56.76366
61.692993
65.99315
62.07509
51.573086
59.736645
54.633797
49.08794
47.586124
74.59085
47.300575
61.15211
52.5439
91.204636
42.900234
52.157986
55.661575
58.06285
63.28614
52.207268
56.551464
54.67959
50.643414
57.503826
73.44723
71.409424
59.702602
76.16658
64.29542
70.539894
50.533886
70.29204
66.81602
62.438084
48.477516
63.120106
62.576416
56.68091
41.676243
63.687244
56.894794
54.74922
48.256123
53.586807
51.044945
43.967514
68.049126
65.63507
68.85996
55.308475
68.91662
50.178947
47.363697
51.1206
57.84901
50.69566
63.527363
46.516216
53.304943
61.515488
55.807674
53.957157
54.84137
66.507515
60.961067
56.888306
38.273926
46.034416
56.61256
71.53951
78.448746
46.47295
71.4551
64.18112
45.172245
46.92633
52.74502
37.91286
54.84094
42.92539
55.63786
51.24315
42.241795
35.753613
45.718796
36.203285
45.052055
43.438007
53.554436
49.434116
55.804832
51.67607
39.468914
36.774376
31.766954
57.142086
73.695404
50.963314
39.209225
43.154404
55.30965
55.855007
54.833626
52.56963
76.87946
51.96049
43.905907
64.51205
65.43172
60.622868
39.661064
52.65823
62.499268
79.6714
49.87057
56.236504
52.83392
58.394432
38.514946
48.23149
37.651665
50.13078
36.0317
49.36705
54.70126
59.946426
62.33468
60.25919
54.11327
65.08091
54.548756
58.202286
56.314384
52.63168
43.958427
66.53262
62.773735
48.831062
87.484344
51.630013
48.140385
50.661293
43.980576
63.143753
53.818222
62.155884
55.312126
70.119774
61.695263
70.807144
53.120384
41.088802
39.175602
36.16167
42.140293
51.50586
46.344833
59.75328
47.55046
53.457825
38.45275
53.114025
55.227425
62.08425
46.96386
59.95617
51.361485
53.771465
53.66598
55.86699
55.226913
64.18885
46.950863
54.672153
50.120144
61.937126
45.399742
46.484737
45.797245
54.736668
49.69498
55.413948
38.30894
67.77203
40.978176
46.686714
50.577328
46.314445
42.319145
49.804783
55.154495
63.267563
60.36992
47.307472
66.49404
46.230164
49.163914
69.41932
44.049515
40.547737
46.446148
61.677654
70.41068
65.31459
42.27626
78.91027
64.0106
43.46118
44.334057
57.312233
47.266186
53.900635
43.997066
55.38249
42.40608
38.59808
30.670086
40.624756
53.163258
52.139423
54.76775
68.81487
46.10741
50.86067
37.910862
29.45184
56.824863
49.620136
58.595688
55.870655
63.480553
43.332687
60.958107
52.7604
41.392498
46.14311
54.531612
47.246784
57.747196
52.035236
46.304447
47.956516
43.38324
49.247234
47.310413
60.34222
63.861393
50.677055
38.7974
40.589966
59.419434
57.854134
57.31202
59.26787
59.368233
58.11396
53.581345
52.920803
49.273643
43.396183
57.043255
64.96542
65.709915
45.62461
52.38811
45.91699
55.29476
78.20281
58.123943
47.7654
51.712364
44.147346
63.676132
39.968113
38.26308
58.62833
52.881645
41.508175
53.42334
51.09509
56.072777
60.411797
65.020744
55.32739
43.59901
53.22066
39.272625
46.033543
68.32271
45.025
53.576637
73.17693
38.79142
46.299828
65.2811
55.6804
41.160458
50.305805
51.619114
36.57821
62.361084
47.512413
45.479576
51.87971
42.808662
29.692503
70.51363
38.80447
