528118.1
519704.28
439384.22
565185.3
1018106.75
940341.3
370221.38
600407.44
829943.75
1600714.0
0.1658631
0.12228301
0.1068801
0.16470006
0.12757714
0.11232609
0.081597805
0.07011867
0.05753983
0.16684414
0.13368006
0.09554377
0.084930085
0.06953209
0.0563668
0.051074896
0.049619623
0.04687251
0.17080253
0.12167911
0.100251764
0.07884266
0.05749111
0.055648677
2886135.8
2876817.2
2481796.2
2534668.0
2588038.8
2595544.0
2735241.0
2516688.0
3002848.5
2585038.5
2716246.2
2250555.5
2616449.0
2942499.0
2904153.5
2599313.8
2491085.8
2905616.5
2440043.0
3103151.5
2375060.5
2482705.5
2863217.5
2606248.0
3377545.2
3193819.8
2784448.5
3450683.2
3400731.0
3741574.5
3308897.2
111.080925
189.0586
182.0936
91.8989
152.24547
172.8085
150.94235
153.67157
179.39085
135.76047
116.059425
141.15091
129.12877
164.14722
120.323235
155.82123
160.37025
168.904
108.34708
147.84769
196.87277
178.24654
137.11143
153.33943
124.25112
156.90434
131.84486
113.66622
120.481895
91.126495
139.66782
101.56422
151.59174
154.55412
108.92258
120.36404
102.304344
113.34957
76.53458
141.42177
129.7699
145.16399
