47.787025
64.24004
66.17971
74.13126
60.749527
44.885124
40.52839
77.71151
57.538956
66.41682
52.233395
60.183056
50.161587
66.4956
55.024895
56.676373
45.002823
58.241043
51.73337
60.062126
47.461754
60.98322
54.443863
47.44822
60.222275
56.991783
54.018833
58.641468
52.963856
61.711185
58.331142
37.523205
46.48707
54.695965
46.43362
57.199722
58.256996
53.693287
54.976658
52.71708
52.189068
45.00721
51.237347
41.224106
51.372807
55.97891
50.462154
48.66965
50.29336
39.52517
46.317432
54.734444
46.51405
49.64496
45.541294
51.163895
44.699818
44.669113
29.913206
14.679963
46.130867
45.549393
42.507145
27.862144
22.820604
38.86222
39.938286
40.118942
22.045477
30.786861
38.871128
17.716225
27.585728
33.75533
31.543627
36.53576
31.618734
30.608803
34.855305
34.873013
27.26425
32.935547
28.337978
26.66656
21.300812
31.896751
22.64374
24.593433
30.347725
30.961151
28.499279
25.044859
21.10052
14.472677
13.321609
20.49532
22.50088
22.275858
23.320028
19.291735
20.956034
19.920702
22.69326
15.387177
16.011864
18.851923
14.261228
15.545044
16.412212
16.039139
14.992114
14.910441
17.337778
16.67203
14.738978
13.532727
14.078599
16.276068
14.213172
15.0179205
15.989208
16.899727
13.483448
10.373714
14.317204
11.67503
13.189519
11.126743
11.729061
10.919831
12.018923
13.283508
12.704671
13.413443
11.165018
12.007033
9.800258
10.699372
9.650603
10.424233
10.896838
10.386923
11.166055
11.035463
13.822313
9.955699
10.626622
10.066305
10.239209
8.183036
9.64743
10.009561
9.2129965
9.14917
10.214356
8.566786
9.751034
8.722437
8.107191
9.772287
8.607198
8.903424
9.345738
12.816905
10.896954
8.161582
8.694564
8.082839
7.8108206
7.28072
6.5722885
7.7081656
7.8121543
9.11765
7.8400564
7.1077046
7.720801
9.98817
6.1196065
11.160737
8.910604
7.1224103
7.983893
9.066669
6.863589
9.327463
8.848029
9.086878
7.144691
6.991964
8.24329
7.1000614
8.046573
9.057713
5.0620375
4.9097967
5.8246484
6.209965
6.472259
6.9985995
6.8590136
6.7167053
5.8174806
6.9080443
6.1323657
6.647001
7.0058494
5.9371934
4.9689026
5.1279073
6.8334627
12.09043
5.4303904
6.2652354
6.1053953
7.5456004
7.063216
7.48676
5.930954
5.6320715
4.8471923
5.4230638
4.761716
6.119674
4.438456
5.758128
4.2226315
6.184123
6.5742807
4.777827
6.5073915
6.1080494
5.0801516
7.368655
5.5098104
6.610144
6.6534424
5.9405093
7.400907
8.519568
6.8240833
7.0854187
6.498985
9.312266
6.6518283
6.832085
9.835209
6.181515
7.445146
7.147836
6.618349
7.2350507
7.6259413
7.4215417
7.1082487
8.045737
6.790124
7.5717297
9.400195
8.76058
6.0202136
6.0186296
7.540272
5.458923
5.8844423
9.086122
7.615746
6.105933
4.8977594
7.8185964
5.9239626
6.5522304
8.259242
6.0281706
4.109731
5.288054
6.852338
6.0132546
7.001727
4.977521
6.9435015
5.41561
5.7691054
5.4209595
5.584157
4.525538
5.218318
3.9001608
4.0903316
4.8058743
4.1088777
3.3070014
5.6644416
5.1073847
6.0561514
5.580674
5.726994
5.302042
6.219862
6.334613
4.490703
7.3725705
5.3543243
7.3020787
4.8031673
7.347118
4.8177814
5.300296
9.651838
5.601384
6.025114
7.837695
4.9299774
8.51517
5.08999
5.4299164
4.8059254
6.5702233
5.4996576
4.6256566
6.0860853
4.4653006
5.6559734
4.256415
5.4076176
5.5502105
5.088704
6.15522
7.274126
6.4501667
4.9435167
5.945742
5.758285
4.736436
6.2662883
6.242632
5.071887
6.5632634
3.7933588
5.785592
6.705628
6.88747
5.473267
7.604142
5.4094343
5.606549
6.3277974
5.651963
6.139172
4.96478
4.3053555
5.0960946
7.0700564
6.262352
5.1392746
5.799931
5.6031256
4.8333097
5.5490212
4.992327
5.503167
5.269101
6.0462976
6.0564084
5.198038
4.69239
6.524442
6.433533
5.850006
4.4623194
3.2981527
5.5005274
5.4742436
4.4280467
8.972559
4.8492036
8.424739
7.104429
9.127138
6.3575516
5.1330686
5.051497
6.058729
7.214507
5.385637
6.8405066
5.96325
4.8790255
6.4312
6.344238
5.819394
5.2730155
5.9278855
4.943865
5.1578746
7.724584
6.2007265
5.7314982
5.9244876
6.1049166
4.515237
6.827544
5.6113577
5.7413206
5.406679
5.351252
6.397671
4.584523
4.6741557
6.9479504
5.896666
5.1128774
4.8041363
4.16564
4.566509
4.120153
6.0421853
5.204393
4.689212
4.1005783
5.7325177
5.1570535
7.2635293
4.293961
5.4217825
5.5354476
4.7777424
5.4007626
4.2073994
4.1474133
5.8401356
5.559462
4.0661297
5.294906
6.3509927
7.051432
4.9981976
5.507903
5.4018044
5.296294
7.1131616
6.0563955
4.9586263
4.047805
4.3743644
4.3331833
5.885162
5.6415653
4.524391
4.430361
5.1339874
5.8839035
5.3574033
5.357376
4.302877
4.7964664
5.587064
5.681345
5.1657014
4.4409866
3.8060553
4.195987
4.511396
4.97289
4.2317777
4.5875273
5.7917056
3.79027
4.9300427
3.866275
5.743834
5.025348
3.96381
6.716138
4.1873064
3.8859375
5.262011
4.234531
5.3445516
5.334275
5.767201
4.3353024
3.9542162
4.1854644
3.9383721
4.4468904
4.291749
4.474068
4.1900053
3.7455716
5.1335764
4.0519686
3.9652374
4.729144
4.2667737
5.57498
3.7847223
4.2407775
3.9092343
4.514078
4.167375
4.301022
3.7597482
5.5495863
5.9552298
5.1249447
4.0674543
4.972174
3.883299
3.686021
6.402222
4.5725045
3.4796739
4.1941934
5.7989717
3.8545868
3.9489202
4.240527
4.697525
4.947267
4.5861597
4.501799
5.328133
3.932966
5.4120603
4.1234274
4.611425
5.281105
4.150092
3.4448888
3.595441
5.7807765
4.1214366
4.003606
4.3477182
3.4048054
4.5972676
4.497596
6.2634406
5.585918
3.8820558
3.586657
3.2756298
4.448469
4.0649514
3.9835296
4.90395
5.733235
5.2587857
3.0163903
3.5965807
4.681788
3.9783876
3.4418437
6.117213
4.4973264
4.780676
2.8642511
3.5322366
3.3548393
3.1103964
4.0171757
3.2772238
3.9317932
4.098186
3.6514723
4.751504
3.4456708
3.4080956
4.251531
2.966943
4.407152
5.9418774
3.3696387
5.641132
3.3925607
3.6726305
2.987115
4.2260294
4.191959
4.9777575
4.032499
3.7814202
4.424063
3.3927574
4.0782104
3.7482975
4.9410033
4.534166
2.3892279
3.7218077
3.1577868
2.9355977
4.2868915
3.7019956
4.227012
3.9805868
3.5975401
3.9334128
5.0096073
3.6945121
4.4249215
3.6785011
4.943768
3.7325466
4.0278983
4.5458593
4.1582828
3.8288698
3.7001474
4.161954
3.0429358
2.7225318
4.2029076
3.6650472
3.0865817
4.796746
3.5517933
4.0121574
3.9034302
3.7021468
2.9503932
3.5615075
3.1209624
4.046224
3.19788
4.233457
3.8692737
3.8634791
3.2464411
7.9879313
5.2979307
2.7316525
3.3421683
3.3653066
4.1858697
4.5514326
3.7216136
4.0418706
2.3764856
3.9537172
4.091508
3.0681565
3.3765385
5.1814375
4.905226
3.6070058
2.1339638
2.9603896
4.8184834
3.3655531
3.4052966
3.2297094
3.4546697
2.126476
3.1846793
3.6835828
3.3231947
2.3193042
6.862445
3.4364784
3.102553
3.677535
1.8849885
2.7635622
2.972173
2.4093606
2.5418909
3.106832
2.7248282
3.6816833
2.7515903
2.7525775
5.2136626
3.2077935
5.5226717
4.224619
2.2104163
2.6593442
0.99068946
5.3958945
1.8806678
4.242762
2.5000787
2.5475311
2.1171024
3.0362995
2.846667
3.6059928
3.139481
4.407727
3.9466512
2.9608448
2.776358
3.5309782
3.9776316
2.0913932
2.57586
3.4769804
2.7856016
3.8095157
2.521198
3.1685338
2.2283638
2.6140323
2.5207534
4.65406
2.5562656
5.240564
4.9647884
3.804166
3.8762932
1.7837313
5.7276773
2.852382
3.2228339
2.6784124
3.9731598
3.1559758
3.0816119
2.7367527
3.6351964
3.5409124
4.0254564
2.1418087
1.4395436
1.911907
3.2193062
4.659582
1.6078218
5.8292747
2.9858563
2.7165372
4.264747
4.8258862
4.2031
3.382128
4.187425
3.9219651
2.951259
2.6886523
3.5445774
4.4674654
3.5742035
3.872576
4.156179
3.9628217
6.8332076
3.1493075
3.669281
3.393229
2.3367772
3.2873294
4.002183
3.1473968
3.4414275
3.3508716
3.6252031
3.7713597
4.026099
3.5094018
3.8793576
3.9882605
3.7431803
4.1752377
4.46625
3.9578161
3.4679387
2.1988323
3.6696398
5.385532
2.3208375
4.713816
6.0071774
4.299054
2.4916565
2.8215678
4.722634
4.944605
2.1923325
2.8623545
2.6337187
1.9063323
3.742811
3.9632409
2.4608495
2.6746256
2.4516532
2.1342776
3.215672
3.4587805
2.513203
2.061903
2.9229054
2.8095667
2.064671
1.9513136
3.0136666
3.4997988
3.3310883
2.2576013
3.0985942
1.3205879
1.7819495
2.7648835
2.6376011
2.677104
2.6318944
3.7257464
3.0217776
4.77814
2.5368109
3.0874555
3.0383916
2.492317
3.1850123
3.6241944
3.2639053
3.5476155
4.0000386
2.8565722
3.1451113
2.101974
2.526506
2.5619628
3.0770116
2.8444335
2.181784
2.1620576
2.216778
2.6334546
3.1719694
4.024629
2.3307118
2.451692
2.7177005
2.1228616
4.575694
2.613483
4.1568413
3.9562495
2.3390613
3.4144814
2.503974
3.6058671
1.1391132
2.1728275
2.2119222
2.4905028
1.4694118
2.0665095
2.995383
2.6629288
2.836447
3.7999606
2.1904671
3.3255477
2.82288
2.1145575
3.0316594
2.5863042
2.9763365
3.0943909
3.0848098
3.4530094
2.5285535
3.2973902
3.5348306
2.2832596
2.6160064
2.759662
4.110815
3.1247153
2.5106306
2.651322
2.866691
3.5582554
1.966124
3.755779
2.896091
3.3541553
5.6736765
3.3994308
2.7709491
4.129178
2.578034
1.2698394
2.7077298
3.4529266
4.2233357
5.7481112
2.0983405
2.6738698
3.3491564
1.8685218
4.340502
2.7889254
2.9852424
1.9647452
2.8935459
3.2210627
4.495461
3.8162496
3.4433026
2.6431537
3.8385603
4.142012
3.8709173
2.7688081
2.5597425
1.6663204
2.3414567
3.4325473
3.9237561
5.665366
3.2527177
2.6681867
1.3061688
3.3516202
1.670133
3.4280527
1.2896581
1.7120762
3.2844532
2.5511978
2.7153273
1.6563905
2.1117013
2.3605783
1.5688683
2.2666047
1.8809772
2.0605586
1.9685518
1.8158784
2.3853369
1.7682137
2.4263425
2.1243892
2.8106775
2.632098
3.2932115
2.3678505
2.3026018
2.0464792
1.7779429
2.0626602
2.3613195
1.9241512
1.9259034
1.8652738
2.0048244
2.5087118
2.557576
1.9205266
2.0438962
1.3459709
1.4655182
1.8707944
1.5350807
1.763208
2.8280458
2.988781
2.1776931
2.0241697
3.7825334
2.1485589
3.1023564
2.2266688
2.9666913
3.1714618
3.4609094
1.7267557
2.0890512
3.0361304
2.842921
1.4352739
2.9005225
2.8345191
3.589604
2.0156255
2.4631116
2.5614603
2.406075
2.4669988
2.364758
2.494514
2.0438054
2.4022815
2.6860616
2.8585188
0.88979584
3.042795
1.394026
2.5061998
2.033671
2.8486483
3.5296187
2.5752015
2.081548
1.3932976
2.3869698
2.2678223
1.4516598
3.047588
2.5072465
2.8989816
4.295363
2.2528276
2.5673819
2.6633298
2.5364141
2.9875772
3.285077
2.2294297
2.874164
2.9404373
2.47829
1.4419975
3.0470963
3.1152406
1.4767381
1.5314515
2.6059291
1.7703419
2.044986
2.3354363
3.1093953
2.6258736
3.5023398
2.7493243
2.4072967
2.249821
1.7415003
1.4045002
2.0197642
2.6473608
1.8783183
2.3255203
2.315061
1.4653839
1.8655831
2.7440612
3.2654371
2.9181907
2.5038977
2.3675256
3.5953786
1.7990853
3.029149
2.9681032
2.333052
2.7622185
2.0537364
2.0657866
3.0336337
1.5336444
2.46732
3.223354
2.7350612
2.9098325
2.3203037
1.6833022
3.0441773
1.8966577
3.211412
1.7967753
1.9132506
1.6143407
1.7919184
2.7987282
2.9367154
1.1196978
1.8631347
1.860484
4.173877
1.8995626
2.6847985
1.7344191
1.9529625
1.6991152
1.6277297
2.6690729
1.7656163
1.6061702
2.8847356
1.3266919
1.2642502
2.1110692
2.4191117
0.7719519
1.6821616
3.424784
2.8573012
2.8257043
3.2184436
1.8833508
2.4725769
3.1205456
3.182708
2.1542487
1.6232959
1.6909823
2.2211401
1.8737025
2.0556555
2.1654816
1.082032
1.7590277
1.9688125
2.2144752
1.8233882
2.5940619
1.5452851
1.9207108
1.0136865
1.9751031
0.9504939
1.2205207
0.4533949
1.6275264
1.7780303
2.9620087
1.0665929
1.4459951
1.2722003
2.4764402
1.2544404
2.6414616
1.4775429
2.0084033
1.9221786
2.863685
2.9559321
1.743856
2.222665
2.1715786
1.916548
2.164974
2.4703984
3.2921064
1.0365574
1.1507269
1.7276502
1.9816762
2.0810409
1.3103459
0.78906035
1.6391772
1.9705651
1.8827475
1.5153643
1.6036311
2.5437293
2.5158179
1.9967804
2.1638472
2.3446999
1.1958153
1.596634
3.3202405
2.348184
1.4051921
2.8175654
2.570065
3.147133
2.118094
2.2302465
1.5808578
2.0951648
1.8048335
2.4444146
1.8452805
2.6336133
1.4462866
0.97016627
2.1699378
2.8831809
2.7207682
1.8619597
1.5217481
2.1373622
2.2222593
1.6899048
2.0698066
1.8321923
2.2458699
3.4282935
1.9039233
3.0181746
2.82922
1.4646636
1.7450907
2.2568371
1.0875667
2.0733924
1.753828
2.0000913
2.6901555
1.4006552
1.9315561
2.6545906
2.545814
1.903485
1.1496313
1.4015231
1.7055401
3.2981188
2.1560662
1.7461922
1.4141967
2.1597617
1.8560418
3.190214
1.4231629
1.9784055
1.5207074
2.2173762
2.1810343
1.4926913
2.1660287
1.7183851
2.1795309
0.93892837
1.4377646
2.5225492
2.3613226
3.0980442
2.1975737
1.8264401
2.3247602
3.0592284
0.96644455
1.879731
1.8357456
1.3779945
1.5486842
1.4429066
2.3928742
1.4250069
3.842931
1.5715916
2.6959875
1.7755402
1.5087285
1.7422603
3.0679426
3.9962695
1.6132762
1.5909218
2.6163528
2.4176457
2.0514085
2.0277202
2.767804
2.7908804
3.045177
2.457843
1.9477425
2.3457031
2.8153594
2.1374135
2.591892
1.3190826
1.5507011
1.6931556
1.3282496
1.360848
2.3397365
1.5790011
1.7575612
1.4905297
1.3367797
2.5599678
1.4358274
1.2563909
1.1911651
1.5666339
1.5925508
1.7804188
1.2601696
1.3687071
2.5910182
2.3499537
1.0854783
1.8108883
2.1983788
1.8979388
1.161124
2.2263448
2.5404093
1.0849193
1.645359
2.4224005
4.1095796
2.164947
1.5112672
2.1500254
2.6324224
2.143164
1.1759715
1.9232062
1.9994534
2.1429765
1.3459855
2.6214411
2.3111467
2.628812
2.41988
1.8386079
1.8017887
1.8628298
1.5951213
2.2809234
1.8171866
2.2808077
2.3513002
2.143815
1.1526875
1.8199455
1.6052796
2.115804
1.6916995
1.1117959
1.4844605
1.9765842
1.9845679
1.0596058
1.7324885
1.5067371
1.3154798
2.2061758
0.889558
0.9611774
2.1865995
1.805605
1.0933019
1.4468924
1.1153885
1.8262073
1.8996764
0.85593355
1.7904053
1.8542615
1.9842418
2.275311
1.7709715
1.7157758
1.2136253
1.6683463
1.6448036
1.5694844
3.111961
1.7517779
1.5204059
1.230272
2.3217554
1.4886116
2.683565
2.711971
1.9658207
1.6981987
1.4645878
1.8435999
2.130629
1.5584456
1.7060658
1.7637801
1.8381256
1.5222465
1.3562082
1.3119358
1.3629686
0.95816934
1.7077312
1.303793
1.8513423
1.7007321
1.4559875
2.389571
1.8803842
2.7614067
2.5903473
1.8303851
1.1111829
1.8001636
1.8139769
1.7395723
2.6487613
1.4401379
1.8154403
2.4650538
2.2855372
1.4616027
2.1337426
2.809063
2.8795614
1.7952615
3.239134
2.5686827
1.8080267
2.650512
2.2386215
2.2473967
2.8641331
1.3867275
2.1662822
2.601974
2.3050828
1.5741929
2.0694723
1.8482661
2.6615732
1.2200304
2.1791146
2.2217495
1.5452536
1.1228734
1.552183
1.8242202
1.4591222
5.3045125
2.479473
1.9327906
1.647326
1.9039397
0.5661485
3.7126389
3.6628027
1.598515
3.3555768
2.6294682
2.0805507
1.8782359
2.2799966
0.7612305
1.4763488
2.357478
2.0824344
1.3429965
2.534847
2.2471683
3.0311003
4.017116
1.3926044
2.530598
2.027453
2.5095477
3.0618858
2.0020478
1.4701695
1.9485552
1.7669755
2.6197913
2.498152
2.698178
1.2057296
1.6778424
5.7855844
2.4167504
1.2199115
2.0657778
1.9200532
2.4748485
2.753888
1.4458612
2.9223263
1.9288653
0.7258635
0.9496142
1.2604162
1.1169562
2.5575898
1.9068235
1.5798645
3.5275636
2.731951
2.0653028
4.484195
1.8353947
3.4457397
2.8971894
2.9323854
2.554676
1.8232398
3.32225
3.0022502
1.6640251
2.604244
2.1922479
2.4831035
2.9922204
1.910664
1.7797326
2.8066258
2.4245284
1.5526373
1.3140379
2.1760328
2.650289
2.1512368
1.5200175
3.8699815
2.1889894
1.7040709
2.13145
2.087105
2.183857
3.4037132
1.7462908
2.0663843
2.8534458
2.1183672
4.1107755
1.999729
1.6448052
4.228085
2.8504958
3.0414646
2.7546954
3.4385755
2.1414022
1.6035582
1.5743693
1.7882309
2.259553
2.9357479
1.8699907
1.6193408
2.1748452
1.6592821
1.6791381
1.7058476
2.4826975
2.9818168
1.447258
3.0816872
2.5310342
1.318084
1.6986203
3.0108392
1.2149835
1.7589241
2.487645
1.9865353
2.5452545
1.3293531
2.3681672
1.4792942
0.85116786
1.9922707
2.3435047
1.9761878
2.770908
2.0897293
2.1475708
0.7726006
1.1048939
2.5618737
1.5592889
1.0722218
1.3826643
2.5495062
1.7593566
0.81180054
1.9341458
1.0474509
1.5559564
1.368365
2.146669
1.0473244
1.9870018
1.9081622
2.1776578
2.3480191
1.1714803
1.7249866
0.9445267
1.36203
1.5732996
0.6696523
4.0825057
2.1054175
2.4560907
1.1857381
1.6779469
0.93139046
1.3228704
1.0434002
2.7839131
2.0761397
2.526667
0.985337
3.051366
1.138969
1.7226328
0.7521517
2.1794028
2.1744072
0.9200248
2.9056625
2.6844077
2.307682
2.6803064
2.69599
1.6707187
2.5200665
1.358992
1.9646237
2.6078718
2.6286423
1.5374119
1.6272838
1.4918782
1.7474965
3.379811
1.915682
1.2447399
2.3094897
1.282704
2.1167731
1.7188678
1.5004649
1.9032421
1.6132088
1.9305927
1.2366353
1.7981532
1.8346032
1.2742537
1.437366
2.3801267
3.1084056
4.282632
2.9156692
1.3752716
5.600418
1.3869784
1.3865367
3.0952175
3.6849034
2.9555862
1.9050078
1.7270612
2.9233289
3.095818
2.448743
1.6247283
2.3764267
2.7225392
1.4953374
2.887061
1.6645737
1.7293271
2.767007
2.2005568
1.8152134
2.2861323
2.342483
1.2789233
1.4469116
2.8735223
2.1902606
2.158995
2.2013614
1.3028648
1.1991392
1.5749027
2.0779846
2.434978
1.5654751
1.2600728
2.2886214
2.6484115
2.7042246
1.0844566
2.894631
2.1478562
1.5535454
3.1504605
2.0165777
1.8777013
0.9641934
1.6512214
1.5198624
2.3682175
1.2064611
2.8137207
1.1775534
2.3556018
2.2521403
1.2681781
1.6137223
1.1396651
2.4220686
2.8947482
3.976215
2.6924984
1.6330348
1.9786199
1.3105673
0.6033543
0.88672805
1.6734035
1.6203599
1.8703023
2.9444811
1.3634921
2.1130059
2.0760412
1.4913177
4.870293
1.2233142
1.1386844
1.3278644
1.88529
1.2897207
1.2821194
1.4330307
2.1402
1.2364203
2.689503
0.85189176
2.4086425
3.2426238
2.647285
1.3803838
1.3632598
2.7068498
2.5148187
2.1168735
2.6785574
1.0798622
5.466641
1.3158622
1.3620965
1.3048317
1.2719657
1.9747169
1.0558985
0.72253644
2.605409
0.5638163
1.0287292
0.6537804
2.90822
1.4431576
1.5241475
2.0422366
2.2402804
1.103779
1.3359363
2.8773832
1.9139063
2.110863
1.2549431
2.43865
2.9298387
1.3432137
1.2586148
1.206493
1.6575882
1.2025893
1.2146126
5.528243
0.45348224
1.8364574
1.7905618
1.9335487
1.2127317
1.1331557
1.5399203
1.435068
2.8227506
1.842622
0.63761157
1.5813135
1.1391479
2.3444114
1.9466118
0.4820868
2.1948133
1.7479104
0.5447176
1.8273829
2.408947
1.0313269
2.1179588
0.97325706
1.2533431
3.944123
1.5525298
1.5043542
1.1421326
1.6156689
1.2490088
1.7562126
1.5944828
2.5542872
2.3805473
1.7076994
1.2460954
2.2604206
3.8899705
1.5853806
1.3432012
1.2308118
1.6105285
1.8965338
1.0764886
1.2993985
2.0305772
2.7660234
2.1802027
1.0536121
2.4523013
1.0373651
1.149614
2.3526328
1.4382006
0.63221765
1.5996302
2.2815788
2.1765635
1.4638511
0.995649
2.293611
1.3927735
2.1503656
2.3846433
2.3606894
2.3410788
1.1970518
1.98597
3.5060983
1.4324772
2.3432229
2.9920785
1.7491554
1.3896956
1.9257818
1.519913
2.834943
2.3230832
1.8695011
1.1518986
1.5216519
2.4930887
1.7492366
1.1633557
1.4697989
1.2778088
1.944963
2.076185
1.534326
3.4174685
0.9527271
1.8458045
3.2742972
1.8345479
1.921888
2.1992152
1.2775909
1.8892509
1.2076076
1.4800147
1.4194998
2.3442512
1.8543122
1.6249464
1.3932431
0.8486223
5.4320188
3.6632562
1.4134375
1.3539166
1.7919896
1.9620495
1.6501638
2.015631
2.305191
2.7479055
2.066393
3.0640628
1.8372263
2.7272558
2.5291774
2.366077
2.194687
2.395145
1.6721894
1.1477704
1.4296181
2.5735235
2.4335847
2.1855264
3.6330237
1.2483499
3.3664315
3.0314047
1.9241965
2.0571492
1.9089737
2.53044
2.7244856
1.6110612
2.301768
2.1984913
1.1177418
1.7909291
1.9328041
1.9888918
1.9796078
1.8241994
1.3393494
3.5812716
1.648494
2.0571692
6.573155
2.1852555
2.0825255
2.4985993
1.8510544
1.8371391
1.7604764
3.803627
1.5225747
0.95084417
1.9744388
1.728503
1.7166487
3.2899334
2.0599778
1.54143
1.427664
1.2961246
1.4825914
1.9476779
3.5447013
1.9545606
2.8610303
2.884111
1.5125171
2.159299
2.3055403
1.7637964
1.4652429
2.450502
1.3650135
1.8104882
2.3581991
2.2589011
3.9075444
2.3683686
3.9172904
3.591361
2.3802812
3.3936794
2.3029377
1.627436
1.3380973
2.756588
3.6973264
2.783977
1.9298325
1.3528838
1.527408
0.97057426
2.9320471
3.3668978
1.759316
2.2542822
3.2793686
1.798496
1.5796378
3.1804206
1.8867192
2.7117584
1.6696252
1.4456198
1.6521047
1.6912435
1.6575012
2.0790744
1.5888684
1.9445006
3.406298
3.3495824
2.3384407
1.8366501
6.2904973
1.2904663
2.2222593
2.9448857
1.4809641
2.7198205
1.3005233
3.0079389
1.8393409
2.3544116
2.1378067
2.0705278
2.0272946
0.9901515
1.2196909
1.5234016
2.0229445
3.2321603
1.9649175
1.3121818
1.0524555
2.2710588
3.6355855
2.4907522
2.9994955
2.065929
3.5852973
4.2153544
1.8742908
0.7588143
2.3650086
2.2972462
1.9180213
3.2126656
1.8943971
1.6290991
2.4593031
2.1613576
1.9614073
2.7544572
2.766216
0.8198171
1.4363246
1.8210493
2.2895436
1.9786398
1.7247885
1.97195
1.3295048
2.9788635
1.5824293
2.3304205
2.4258218
3.2360692
1.2144628
2.35644
2.305094
2.7396355
1.4579661
1.8769872
1.2690387
2.1441655
2.264897
1.8909843
0.74972755
2.1243124
1.654343
3.491182
1.4145997
4.1546893
2.5014892
1.9950199
2.7155297
1.9290829
2.2899134
1.9056991
0.78733295
2.1198297
1.6740998
1.3036997
2.2516947
2.0896976
1.6650999
1.8388511
2.4581277
3.210745
2.2076824
3.2564034
1.6801189
1.6144449
1.3900282
1.4282818
2.2802718
2.1464186
0.89313406
2.7322762
1.5603945
1.0707507
1.4558036
1.7703516
2.474247
2.5030456
2.5199318
1.9306177
1.8207324
2.8939834
1.8833904
1.8275458
1.658878
1.5828947
1.0794499
1.9369853
1.9534503
2.3297732
1.7257041
1.6091131
1.0096117
2.784798
2.3053267
1.8525203
2.1929095
0.63088304
1.9492993
3.706939
1.9170879
2.3199434
2.080759
2.071817
1.2173721
1.1879175
2.2810254
2.5234795
2.3836064
1.1111559
2.7311468
1.4279271
1.6069013
2.1670835
1.3735708
1.8444762
1.885332
2.0613086
1.5538938
1.6898239
1.5166293
2.26477
2.2805185
4.5048976
2.0701518
1.0902064
2.338926
3.1377895
3.5881925
2.2976363
2.265377
2.3235216
2.8279505
1.3929505
0.7774626
2.0114105
1.9868368
1.8773649
3.0361645
3.9194746
3.0879962
1.99609
3.0841088
3.4868572
1.5354818
2.3151696
1.4918363
3.919549
2.339246
1.1284163
1.550118
2.005635
2.1654131
3.5984871
2.586304
0.98035604
3.1005447
1.6812865
4.221609
2.1020224
2.5382528
1.9388663
2.5025213
2.7479727
2.7047997
1.8588308
2.1217146
2.9043136
3.7252057
1.3534395
1.4139696
2.2222466
2.5997856
1.4502836
2.2427394
2.0229023
2.9520268
2.0758584
1.8245589
7.4970345
2.6313574
3.961125
1.5747621
1.9255258
1.6577859
1.5658596
2.0890393
2.0188506
2.1694782
1.8669735
1.3892577
1.9871057
2.8667881
2.600656
3.2348523
1.724249
3.0682857
2.832005
2.0376372
2.4086046
2.7844367
2.6526902
2.2271488
2.1157591
2.6822217
2.6943877
2.212074
1.9243357
3.0586183
2.9641728
3.1939175
3.0134864
1.1559385
3.08582
2.5495608
6.50991
3.4927607
2.5908272
3.4258728
1.8754418
2.301709
1.3222524
2.9538639
1.528922
2.09178
3.2407315
2.633962
1.2173465
2.2032952
1.2817904
1.5269108
2.451856
1.9069618
2.0363686
1.6100464
2.5893724
1.5437812
2.1380174
1.628597
2.1215281
2.1071498
2.7171152
2.367489
1.2090331
1.9800946
2.3114038
1.6916544
2.7617788
1.6453925
1.877369
3.0305452
2.5157254
1.6640239
2.2712855
2.3386662
1.6612238
1.7613754
2.2627313
2.3435333
2.1080692
2.556987
2.7497895
2.1663098
1.5292668
1.1215554
2.0366213
2.3159974
2.0451949
2.0725207
2.174187
2.2937176
1.9875548
0.808217
2.2025208
1.1748767
3.0996065
1.9164922
1.7634755
1.8007431
2.6958938
2.2066803
2.7367756
1.7442763
2.188114
2.7728348
1.8349183
2.6233466
4.1856546
2.0440526
2.7480397
2.429525
1.6535728
2.5887442
4.527301
1.5513133
2.1644282
1.3080287
2.213709
2.4716272
2.4330554
1.7225853
2.4167426
1.4913098
1.6027871
1.7065723
3.4680147
3.6806667
1.7410004
3.008158
1.8893768
2.947079
6.3533573
1.6733344
2.8306932
2.667404
2.519618
1.5859591
4.456216
2.3367333
3.0177355
1.9699639
1.689793
2.2630694
3.1429713
2.112816
2.555845
2.3570123
1.3161165
3.5296896
1.4149764
2.066243
1.816853
2.19091
2.174969
1.5555923
2.323291
2.794438
0.95897657
2.1453044
1.2110002
2.511499
3.0411634
1.4529259
3.519839
2.8882134
2.954109
2.2325327
1.7302061
1.708353
1.8134364
2.8706267
1.518995
1.9061649
1.5462608
1.932256
2.3143182
2.990587
2.7945719
2.236132
1.4814059
2.165584
2.2851996
2.8194585
1.9069744
1.6723229
4.611845
3.530295
1.8080411
2.0915875
2.34568
3.0776405
1.8314074
2.2772615
2.11114
4.281886
2.3595026
2.011587
8.915006
1.9049867
2.5454414
3.4249396
1.3030013
2.2113671
3.105
2.3347538
1.8488642
1.4381428
1.9787099
3.2616723
2.2932599
0.9871037
2.626189
3.0595424
2.7503335
1.614574
1.8590639
3.5864046
4.1187015
1.5096022
2.5138555
1.2903491
3.2644866
1.62553
2.1122994
3.4334176
1.9809798
2.4380755
1.6860818
2.3568535
1.7986221
2.3141034
2.8559499
1.5946829
2.3408499
2.0492587
3.5372255
2.299094
2.573272
1.380904
2.2707534
2.2214777
1.8437047
1.8168073
1.1582683
1.9631234
2.2991126
2.1418195
1.7301655
2.3019586
2.3107066
2.780196
1.8605617
1.5525826
1.555422
1.5944996
2.3582253
1.2672426
1.8745497
2.4825184
2.563065
1.8912969
1.3966249
2.067375
2.567576
2.1620195
2.2922065
2.5905557
2.091655
2.146104
4.98918
1.7870924
1.6143531
2.1901748
2.7690175
3.4451933
2.5927594
2.063017
2.3087897
3.4955103
3.697451
2.2684772
1.9890206
1.3091965
2.580663
1.1262248
1.9706637
2.222501
4.391276
3.59889
2.9451451
3.0478423
2.302082
3.7060432
3.0910451
2.6809793
2.2097406
3.143308
1.7043968
1.9299138
2.5446503
3.7586062
1.8253695
1.4005132
2.908431
2.1879416
2.2956572
2.040389
2.0681205
3.23475
1.4973962
3.5633872
3.0403154
2.5100272
1.8104867
2.0866625
3.4627903
2.1579268
1.7155334
2.2772212
2.2848716
2.343505
1.5186589
3.7794952
2.7497609
1.0247666
1.7856966
2.0287197
2.0262232
1.9696183
1.7631762
3.3529623
3.2618916
2.6956398
1.9096222
3.4602149
3.0720582
2.715942
1.9232733
2.1922312
1.7084812
2.4595602
2.0922678
2.872731
1.6799406
2.208166
1.7252057
2.0562356
2.9230278
1.4955155
1.3250681
2.4435806
1.6928357
1.8694456
1.0588926
2.736317
3.2431178
2.029382
2.6044905
3.298213
1.9311408
2.1818917
3.8477318
1.1048373
2.3470483
2.7621806
3.0715816
2.660965
2.3032355
1.62676
2.4862022
2.1000953
1.4342686
2.5789573
3.9298856
1.2340598
1.9292957
1.9805129
2.9628808
2.052088
1.9586109
1.5213203
2.6609964
2.2844613
2.4086416
2.865531
2.218098
2.1652865
3.3984783
3.1444447
2.6722145
2.233519
2.3475955
1.7819427
2.2624776
2.533676
2.4265025
2.4501805
0.9138291
2.7422597
1.5059764
1.7588904
2.5226417
2.2931824
1.1224939
2.132472
2.6205032
2.5764692
1.3505986
3.6089623
2.2892694
1.2867535
3.0845237
2.1272566
1.5695916
2.4787507
1.8459488
2.6681962
2.6180048
1.60459
1.6932027
1.8181032
2.6281042
3.83205
2.4697747
3.1870146
2.8232358
1.9082059
2.103479
1.7769274
2.7837112
2.6612158
2.3167589
2.3697722
1.8186357
2.302937
1.3680912
2.7245927
3.8311589
3.6863837
4.0900893
3.468282
3.0217397
1.7530812
2.451557
2.589871
1.837481
4.143513
1.8114454
2.4286664
1.7465972
2.1657145
3.201331
2.4282255
2.4494774
3.598817
1.86916
1.7453442
2.9629562
3.3167164
2.376469
3.2282827
1.8696891
2.2069938
1.9183652
1.474348
2.1166565
2.8365958
2.5191498
2.659991
1.5379522
1.7110076
3.641498
1.3905312
2.0953908
1.8941345
2.2458167
2.5722804
2.1085703
1.8962383
1.8578757
1.6589973
2.777199
1.8852237
2.9932353
2.6892028
3.2142627
2.6456342
7.3112664
2.7591603
1.7607894
2.1329036
1.7911823
2.0770807
2.2228162
3.7512596
3.1334333
3.018719
2.431501
3.9710402
1.9732225
2.6490755
2.1404731
2.1592
3.171226
3.9858813
1.3565004
1.4439155
2.6491663
2.5224833
1.6065403
2.5771248
1.6500577
1.9405416
1.9603752
4.1461806
4.1213093
1.284536
1.9448788
3.5675285
2.6531975
1.8423413
2.3931386
2.4021666
1.8059485
1.6460097
2.275346
2.1463704
1.56078
1.4485954
1.6392087
1.9773173
2.165301
1.1767085
3.0734346
1.972087
2.8887649
2.3088408
1.9000591
2.313443
1.2848586
3.5173721
2.4873412
2.6767328
2.6578414
2.1551673
1.5270597
3.1962821
2.0885174
2.2678838
1.340114
2.4194846
2.2529655
2.3647199
1.7090325
2.2894228
1.7309399
3.4477508
3.2330754
3.5513546
1.2747787
3.535287
2.095456
1.6644282
1.9877346
2.4214408
3.0063796
2.2420053
1.872639
1.3403195
2.6921628
2.2462628
2.4171
3.1277933
4.2740846
1.7665223
2.3867364
2.4199934
1.6939856
2.3744493
3.9533463
2.865989
2.788339
2.2464294
2.971073
1.5650003
6.4810457
2.4559364
4.008011
2.386737
2.1542137
1.2873523
3.538223
3.1614647
2.5198295
2.2627985
2.0363908
2.7208548
4.6111007
3.5362463
1.7756264
3.6911976
2.155097
2.7351203
2.1275618
4.3541436
3.3120422
1.9329871
2.4221034
3.4144146
2.4833972
1.9869201
2.0906892
2.7736866
2.1624558
2.1115546
2.4574602
3.1992102
2.0036
1.9645653
2.2906811
1.3835864
1.4228903
3.3412209
2.5526567
2.9230218
2.0958629
2.7728014
3.1527543
3.0809426
2.836036
1.0071733
3.243184
1.503674
2.9532228
2.8684533
3.3773084
2.955883
2.319131
3.2140908
2.1905668
1.6121924
2.0645616
2.0942025
5.6206307
2.5761154
2.5530174
2.0913115
2.9215662
1.3556813
2.697385
2.0836687
2.7583869
2.441217
3.1479552
2.0236526
2.4382699
4.432223
2.2266703
2.7135632
2.8457077
2.6971936
2.0446432
1.8187994
2.6947143
2.6891854
1.9926006
2.9616754
2.80638
2.8651688
1.9047309
1.9426496
1.963573
2.81839
2.1046777
3.294717
2.2707968
2.4438884
3.0504708
3.2439723
2.7385185
1.8746923
2.3994272
2.8407006
4.0517297
3.063255
4.437166
2.33145
2.6802497
1.3153387
3.247191
2.496278
2.1420121
2.628058
2.6449172
2.7717826
1.3838315
1.4567101
2.6441982
1.5640144
2.6901996
3.1627781
1.9010321
3.3010302
1.7381572
1.9912549
3.9846597
2.9850311
3.530811
6.1394534
1.6528584
2.9135368
1.302549
3.4564726
2.1592581
3.2754443
3.290217
2.5371976
2.128735
3.719197
2.3325186
4.1693673
2.3275304
3.088718
2.540723
1.7896992
1.9342855
1.9561943
2.5521576
1.9209081
2.2817438
1.7578529
2.6105661
2.4565108
2.2829478
2.2109916
2.8138084
2.9954686
3.632611
2.7047129
2.7003899
2.2360196
1.9339391
2.3175583
3.0720625
1.3433346
1.82476
3.7897086
1.8552823
2.5900795
1.9584936
3.3586233
3.239025
7.3089213
3.3928692
2.3448482
2.1046207
2.7321012
2.512894
1.3580346
2.720264
2.3849657
2.9709783
4.78341
3.6203558
2.6561053
4.490788
2.0545127
2.5240602
5.163375
2.183468
2.7177818
2.3335016
2.259928
3.5431778
3.60177
3.9216497
2.8799605
2.8637116
2.5387392
2.576816
2.7845912
2.9717638
3.3347285
2.1528752
2.272629
2.4531343
3.2251709
4.9481716
2.1711783
2.2604945
3.7208686
1.844288
2.308097
1.2503033
2.9059842
2.7769172
3.88539
2.685408
1.9467165
2.396621
4.2404113
3.8662953
2.8550212
3.3826516
2.3359263
2.5946093
1.737959
3.245923
1.9181879
3.1982436
4.356318
3.1346407
8.546885
2.5653062
2.7829044
2.4551158
2.2592158
3.1747932
2.4217668
2.3754232
2.8063688
2.186341
1.6838423
2.0683475
3.1170096
4.651077
2.7295125
2.0273888
2.6358387
2.5094845
2.2381108
2.2636938
2.9294739
1.531299
3.6735861
2.1598282
1.5106053
3.1921518
3.1628926
2.336385
4.414985
3.1875381
2.2294676
4.1155825
3.1177974
2.6236932
2.8038456
4.47912
2.4587584
4.0405855
2.4967396
2.2423651
1.8001815
2.477997
3.7123308
4.639052
2.865248
2.5355906
3.8517349
2.7458954
5.291117
3.452745
2.7937667
3.6089082
2.4393735
2.6481307
2.5330396
3.0701156
4.14954
3.2731261
1.9133877
2.6462817
2.9081504
4.936932
3.4228625
3.6830795
2.479053
4.333492
2.4961867
3.7156866
2.9246047
2.6586485
4.1737123
3.6019907
1.6478466
1.5465449
3.3540142
2.7205932
4.1008043
4.872107
1.4945656
3.5648773
2.3378897
2.6787405
2.7678328
2.6110315
2.9714153
2.3810527
3.9170141
3.5975635
3.9070177
2.3422933
2.6000643
3.75875
3.8399005
3.1287582
3.8866642
2.988219
3.160982
3.0446575
3.5115447
2.9459238
2.7639658
2.568554
1.4634621
2.6893618
3.0155423
1.9181926
2.7875674
2.1117442
2.6675823
1.8494006
3.9112966
2.5879605
2.5690453
1.8309789
2.6188776
1.1848696
5.607014
2.016793
2.8434758
2.4802535
2.7566469
1.9334304
2.3322377
2.1803598
2.5710268
2.9882886
3.2130544
1.8853725
3.6687403
2.0392337
1.3902856
3.7341611
2.4789424
2.5346854
3.2179384
2.3242404
4.2805095
2.9585376
3.5754292
1.1560196
3.4768445
2.6534393
