-0.1681787
-0.21889146
-0.22626846
-0.24827535
-0.20312405
-0.16060944
-0.15838452
-0.265004
-0.20599547
-0.23106697
-0.19258216
-0.21734801
-0.1896899
-0.23894091
-0.20846096
-0.20838448
-0.17416212
-0.21480016
-0.19722447
-0.22397585
-0.19076897
-0.23388681
-0.21281019
-0.18859112
-0.23258229
-0.22459686
-0.21151042
-0.23494558
-0.21235447
-0.24105652
-0.23119204
-0.17385165
-0.19894461
-0.23406866
-0.1978589
-0.2438484
-0.25099123
-0.23429139
-0.2490395
-0.23356073
-0.23813948
-0.21197772
-0.23820667
-0.19836986
-0.23850508
-0.25650468
-0.2432718
-0.2336032
-0.24060431
-0.20353821
-0.23161054
-0.27205938
-0.23073593
-0.2580124
-0.24015641
-0.27023706
-0.2355903
-0.2385228
-0.16496551
-0.101135455
-0.24873605
-0.26356158
-0.24261478
-0.16459773
-0.13453965
-0.22921197
-0.2389513
-0.23281583
-0.14627874
-0.18904299
-0.24175456
-0.1346531
-0.18057036
-0.22556885
-0.20065276
-0.24910012
-0.21751635
-0.21235695
-0.24610762
-0.25359148
-0.19342723
-0.25221905
-0.21597907
-0.20753995
-0.16932236
-0.25878143
-0.18504673
-0.20342627
-0.24801314
-0.25003436
-0.23096998
-0.21723723
-0.20211372
-0.13192339
-0.13808501
-0.19453064
-0.21195813
-0.21343634
-0.23761174
-0.19105421
-0.20222893
-0.20716126
-0.24216266
-0.14936173
-0.16227463
-0.20516965
-0.1440598
-0.156341
-0.19654627
-0.19143914
-0.18105772
-0.19747886
-0.21435511
-0.18830301
-0.17867681
-0.15138382
-0.1948235
-0.19367303
-0.1806604
-0.20144224
-0.2173694
-0.24883397
-0.1742943
-0.070641056
-0.2028606
-0.14111146
-0.21503592
-0.18080494
-0.163989
-0.15419501
-0.18066952
-0.2043227
-0.18835606
-0.21295209
-0.17428008
-0.18903725
-0.10926391
-0.1560379
-0.14932902
-0.15529443
-0.1584056
-0.15315077
-0.15214272
-0.14800945
-0.15571854
-0.12457889
-0.18660541
-0.15717697
-0.18203278
-0.118822694
-0.11302998
-0.12860069
-0.13859586
-0.11528299
-0.13718423
-0.13945355
-0.12969671
-0.16650955
-0.13123986
-0.15881935
-0.17258242
-0.15649605
-0.16210544
-0.16789258
-0.1569329
-0.12909214
-0.14033833
-0.16584232
-0.141125
-0.13133068
-0.12220194
-0.11397934
-0.12263753
-0.101018764
-0.09970888
-0.118556365
-0.12189357
-0.1393031
-0.08833805
-0.107303664
-0.17149766
-0.10724757
-0.14409849
-0.18545285
-0.10167934
-0.06714716
-0.17260154
-0.12904093
-0.09604438
-0.13137248
-0.15136395
-0.12405787
-0.16143839
-0.09860496
-0.13834961
-0.08609386
-0.062821
-0.07890743
-0.11637695
-0.13969243
-0.08508923
-0.13037482
-0.11786338
-0.14068612
-0.12861052
-0.10964936
-0.08811199
-0.10337726
-0.1312162
-0.092755914
-0.11523217
-0.1538254
-0.11017933
-0.0971372
-0.117890716
-0.10822789
-0.13261646
-0.12130135
-0.08392503
-0.09662873
-0.10175091
-0.08278408
-0.08802683
-0.09620545
-0.097601965
-0.09520818
-0.05568648
-0.090350896
-0.11653747
-0.11055461
-0.09837883
-0.10460897
-0.12185359
-0.06948842
-0.11936784
-0.10215731
-0.097375706
-0.116617344
-0.0941274
-0.053135704
-0.11322595
-0.111386575
-0.13126458
-0.1001261
-0.11803454
-0.14922932
-0.17764504
-0.14332816
-0.124716684
-0.14309482
-0.13588144
-0.094531536
-0.1324833
-0.103091344
-0.14290372
-0.096811295
-0.091833755
-0.08192059
-0.10880439
-0.15881382
-0.13611606
-0.08894781
-0.09975811
-0.070673555
-0.11511646
-0.070460014
-0.13212463
-0.10176232
-0.09216322
-0.12719099
-0.10568557
-0.09405101
-0.099919796
-0.08033244
-0.06368784
-0.11128281
-0.102513865
-0.093085684
-0.10694772
-0.075961754
-0.084649645
-0.07885794
-0.07182388
-0.09797335
-0.07820265
-0.08408678
-0.076540366
-0.086164966
-0.07980714
-0.08541995
-0.0914614
-0.066080675
-0.11438157
-0.094506696
-0.090302646
-0.11973697
-0.12114134
-0.08858705
-0.12165682
-0.100775816
-0.097994216
-0.09026324
-0.075527616
-0.09869569
-0.05352468
-0.11376264
-0.1117533
-0.14186168
-0.15311268
-0.1203295
-0.13613454
-0.14366907
-0.12374363
-0.12627974
-0.12887798
-0.15781455
-0.1287621
-0.09584663
-0.09639656
-0.08338164
-0.10203978
-0.085836254
-0.072253294
-0.09818515
-0.06477324
-0.10844429
-0.15315874
-0.123164296
-0.13886926
-0.10435482
-0.11209504
-0.15455571
-0.12033661
-0.12282594
-0.13529263
-0.100903496
-0.11391121
-0.08154437
-0.08920562
-0.08912209
-0.13497344
-0.13820311
-0.12307944
-0.13764517
-0.15349899
-0.13940299
-0.09439121
-0.14790216
-0.12396681
-0.117831156
-0.10564748
-0.15799204
-0.09732501
-0.09210179
-0.11091684
-0.09826014
-0.10949584
-0.10720162
-0.09211643
-0.10810437
-0.09015749
-0.14449999
-0.11900538
-0.16396013
-0.102906846
-0.09352015
-0.12485453
-0.10352609
-0.10677153
-0.1331509
-0.057042986
-0.07919861
-0.10994609
-0.07450583
-0.10516486
-0.13190608
-0.09556103
-0.11931056
-0.08526395
-0.14302297
-0.12735455
-0.122568056
-0.084255144
-0.08379944
-0.1150708
-0.116041064
-0.1296159
-0.1321498
-0.10276172
-0.09576233
-0.11789127
-0.116418526
-0.13110265
-0.10189915
-0.096064165
-0.10476408
-0.12095606
-0.097341575
-0.114799544
-0.1170432
-0.08614896
-0.10523172
-0.09071672
-0.09041779
-0.108706675
-0.09378187
-0.13224712
-0.08448933
-0.09704787
-0.08841678
-0.10335436
-0.1153487
-0.112297
-0.111743905
-0.07820341
-0.091944285
-0.13404505
-0.08623549
-0.07918341
-0.08551096
-0.09111821
-0.10307358
-0.12990737
-0.09297972
-0.07558235
-0.086874925
-0.1344118
-0.09323366
-0.09927027
-0.083377995
-0.10723881
-0.09644969
-0.1317175
-0.12741484
-0.113948606
-0.14105232
-0.099092565
-0.14801595
-0.11406696
-0.110146224
-0.13754037
-0.09849419
-0.08412457
-0.15170044
-0.13730891
-0.1416258
-0.10208158
-0.11614032
-0.07829254
-0.086706325
-0.11841818
-0.07355504
-0.10139974
-0.10348393
-0.10646031
-0.12241139
-0.08595066
-0.13418533
-0.14220548
-0.13812731
-0.089341834
-0.1337874
-0.11455262
-0.08918202
-0.1306802
-0.09591479
-0.11336851
-0.108935416
-0.09431808
-0.09915008
-0.11912434
-0.058513455
-0.07002993
-0.10089067
-0.0992111
-0.073932774
-0.07610601
-0.07789546
-0.10644199
-0.11240266
-0.10249728
-0.12521657
-0.106157735
-0.089311264
-0.1108799
-0.10434921
-0.1292838
-0.10914473
-0.097278506
-0.075617984
-0.08548139
-0.10519636
-0.089267924
-0.0525525
-0.08119865
-0.075811066
-0.07978074
-0.06986351
-0.066464856
-0.08162474
-0.07846479
-0.07216724
-0.06938418
-0.087059915
-0.0598296
-0.104745604
-0.08093689
-0.08404769
-0.07821874
-0.08691518
-0.092156515
-0.081096545
-0.055695087
-0.08545376
-0.08999709
-0.08190836
-0.094098926
-0.07858746
-0.115744874
-0.08756526
-0.07484771
-0.088949524
-0.07647877
-0.063722745
-0.10616907
-0.068439454
-0.09094931
-0.11234727
-0.09382042
-0.07119992
-0.1262471
-0.07325766
-0.06012199
-0.099846445
-0.11136536
-0.10165378
-0.08727399
-0.10890287
-0.08179886
-0.067072384
-0.058328163
-0.04755532
-0.06997861
-0.110783435
-0.08302688
-0.06752523
-0.11311314
-0.09890213
-0.100234315
-0.067503355
-0.082003735
-0.05802647
-0.095336035
-0.05676695
-0.12499281
-0.08211981
-0.08554102
-0.084801994
-0.086733535
-0.070136674
-0.08232194
-0.10396962
-0.0998812
-0.06085577
-0.067589246
-0.09387311
-0.06555847
-0.12211938
-0.0904472
-0.06280334
-0.079874344
-0.040638246
-0.08187068
-0.07187735
-0.06474277
-0.08383543
-0.08188673
-0.056289077
-0.080911234
-0.08681094
-0.06623204
-0.06124442
-0.0849316
-0.05301577
-0.052069813
-0.04910957
-0.060692847
-0.07393592
-0.0717052
-0.07193802
-0.07558021
-0.060665466
-0.07226977
-0.09673979
-0.064610004
-0.09938101
-0.07265626
-0.07528166
-0.09822576
-0.09880619
-0.05259778
-0.047801312
-0.08315246
-0.08975367
-0.07175256
-0.10495825
-0.072205044
-0.10964911
-0.09639712
-0.08720358
-0.08171096
-0.080169015
-0.06532037
-0.050903164
-0.08104336
-0.063120924
-0.07343966
-0.057180297
-0.05118503
-0.06625803
-0.098678306
-0.06636811
-0.038497455
-0.08938935
-0.08140909
-0.04525207
-0.08537007
-0.06059618
-0.08084412
-0.05835967
-0.09042011
-0.11208137
-0.0909157
-0.11336619
-0.09258983
-0.07943912
-0.08692483
-0.060616363
-0.09398462
-0.04109904
-0.043449868
-0.06033057
-0.08100175
-0.037084516
-0.068988055
-0.0770383
-0.08688332
-0.051511336
-0.059080172
-0.075740956
-0.085584186
-0.07053029
-0.09397188
-0.08136068
-0.061761342
-0.090322696
-0.09112147
-0.08066036
-0.03488776
-0.10552038
-0.06403609
-0.073770605
-0.050279986
-0.027925257
-0.06067735
-0.054742735
-0.043430924
-0.06297206
-0.04946714
-0.04070639
-0.07572226
-0.05650564
-0.08652978
-0.06488611
-0.06824143
-0.07113828
-0.099769354
-0.041810807
-0.039492365
-0.027986113
-0.048145536
-0.031324446
-0.10680054
-0.039412603
-0.037786584
-0.033847902
-0.05817184
-0.05404538
-0.07321159
-0.053732198
-0.072162196
-0.076511525
-0.049901415
-0.076089785
-0.07267785
-0.07602914
-0.051739085
-0.065110244
-0.06867456
-0.051228203
-0.113526836
-0.0501101
-0.065690525
-0.035655923
-0.07037207
-0.07569212
-0.051714756
-0.04810711
-0.09033413
-0.12762502
-0.084036574
-0.098940216
-0.04120698
-0.07229422
-0.07174335
-0.06907721
-0.031996857
-0.10424666
-0.0661129
-0.049828377
-0.049074393
-0.05830077
-0.06627326
-0.07910027
-0.042142726
-0.045765623
-0.064139076
-0.05401031
-0.0957376
-0.060133528
-0.11094642
-0.08138415
-0.067954555
-0.07692907
-0.08193217
-0.10587661
-0.060379695
-0.056706548
-0.0916435
-0.061596364
-0.08219384
-0.08267176
-0.07728818
-0.06120389
-0.10356112
-0.10151523
-0.06085694
-0.09788956
-0.0841191
-0.06755442
-0.08049801
-0.041401424
-0.077662185
-0.1219456
-0.07426992
-0.08154337
-0.08010335
-0.06868751
-0.095698684
-0.12014234
-0.06863347
-0.06697845
-0.09301461
-0.097889714
-0.1283549
-0.10078285
-0.08329747
-0.11148749
-0.05326268
-0.098968305
-0.11382463
-0.075726606
-0.104612395
-0.06746589
-0.08992719
-0.05977882
-0.06829896
-0.09559473
-0.107492484
-0.0729739
-0.06087041
-0.06022793
-0.05822428
-0.050884623
-0.05409626
-0.035948604
-0.072378
-0.036348283
-0.0720821
-0.07014303
-0.06353962
-0.059826843
-0.05444067
-0.0709061
-0.07675036
-0.06490517
-0.061825443
-0.058439136
-0.063193396
-0.059114695
-0.06367854
-0.06240973
-0.05072075
-0.05146111
-0.06052518
-0.054340653
-0.056337874
-0.07759953
-0.08533597
-0.0582561
-0.10766997
-0.055522226
-0.06120479
-0.069326356
-0.03958999
-0.05704519
-0.076353274
-0.09401043
-0.09335261
-0.08088651
-0.064392135
-0.06442973
-0.05861203
-0.059914935
-0.07006867
-0.09206557
-0.08489381
-0.044395644
-0.059961237
-0.059903152
-0.06869249
-0.07701397
-0.08158296
-0.07112437
-0.058594514
-0.085068226
-0.050192367
-0.087936044
-0.060600877
-0.0541948
-0.0776162
-0.05550144
-0.07145807
-0.047618374
-0.039504968
-0.04910361
-0.061684232
-0.053047556
-0.047813095
-0.039574645
-0.0304413
-0.0487274
-0.047291934
-0.06712459
-0.072534174
-0.046923596
-0.08311278
-0.04678769
-0.034195185
-0.07100952
-0.06404497
-0.07065054
-0.08193608
-0.04885945
-0.07391765
-0.066209055
-0.047445524
-0.054893523
-0.045962818
-0.073101714
-0.0648983
-0.09184828
-0.08057072
-0.067501985
-0.08519622
-0.06669356
-0.06668033
-0.041599326
-0.0608837
-0.07905152
-0.09579985
-0.09180321
-0.09592696
-0.06362627
-0.08870574
-0.058336504
-0.022845577
-0.10095374
-0.09487695
-0.12355323
-0.095537804
-0.032302607
-0.07879104
-0.046958186
-0.0472704
-0.08908292
-0.08517126
-0.074366346
-0.052887417
-0.080977514
-0.09203938
-0.047737073
-0.060341667
-0.08406286
-0.074604854
-0.08314813
-0.06985005
-0.060703583
-0.055413287
-0.03193423
-0.037013628
-0.063888796
-0.08916769
-0.09299527
-0.09886317
-0.078592405
-0.06254417
-0.026508367
-0.08071487
-0.0431629
-0.06858464
-0.05105608
-0.044114955
-0.05509284
-0.04863002
-0.047943078
-0.036953628
-0.05223704
-0.04180793
-0.034104403
-0.062412333
-0.05201745
-0.051529687
-0.06501841
-0.035033427
-0.03521793
-0.027686154
-0.036571745
-0.048688494
-0.0574147
-0.044015326
-0.054545887
-0.06658227
-0.065625615
-0.06184969
-0.04856047
-0.055284105
-0.07990326
-0.048696388
-0.06298024
-0.048730087
-0.04883463
-0.062223434
-0.06404089
-0.056431748
-0.046856105
-0.020048894
-0.024465578
-0.036878206
-0.03784343
-0.053176098
-0.07273302
-0.096742675
-0.071118474
-0.04623287
-0.04901016
-0.034891486
-0.045736175
-0.06876561
-0.056031577
-0.06293332
-0.08324376
-0.04154759
-0.06397269
-0.0821793
-0.037457973
-0.047521543
-0.070284836
-0.07621787
-0.05980613
-0.0732943
-0.03730597
-0.048480652
-0.050183475
-0.04799653
-0.0516846
-0.06303938
-0.05295534
-0.04909079
-0.045184273
-0.05043418
-0.027127702
-0.070290565
-0.033391364
-0.064724535
-0.05522721
-0.07187
-0.050319266
-0.04279413
-0.036372658
-0.038100373
-0.06364846
-0.04395383
-0.03474083
-0.057265602
-0.058714878
-0.049426325
-0.073225506
-0.06258224
-0.047434617
-0.037470162
-0.056426663
-0.07808273
-0.083034046
-0.07633525
-0.079381526
-0.024756227
-0.041449916
-0.035482164
-0.076615095
-0.053270422
-0.044722512
-0.047394264
-0.037863776
-0.034793507
-0.06327241
-0.063027024
-0.06261768
-0.09127836
-0.048643276
-0.081968285
-0.063124605
-0.05756389
-0.04708336
-0.040563084
-0.06266938
-0.04035878
-0.039204746
-0.07221483
-0.05767581
-0.044464245
-0.046661712
-0.06397573
-0.071552336
-0.049290583
-0.05357225
-0.07096274
-0.09793834
-0.05522757
-0.034549948
-0.041789625
-0.052880175
-0.0552526
-0.047182072
-0.036933072
-0.076133385
-0.022775363
-0.055633195
-0.070268705
-0.06460969
-0.068863146
-0.03686725
-0.03364437
-0.085038535
-0.057990383
-0.05146438
-0.051286865
-0.02221543
-0.017523149
-0.067044124
-0.047125734
-0.060008537
-0.015248355
-0.053350043
-0.048420347
-0.053148676
-0.044411425
-0.05302424
-0.047190472
-0.04413139
-0.027679065
-0.036358625
-0.0682628
-0.044738576
-0.02124578
-0.06155063
-0.040353723
-0.023275238
-0.046797615
-0.062448602
-0.020808483
-0.044555504
-0.0749091
-0.040130734
-0.05140064
-0.0725224
-0.05289805
-0.05345565
-0.073737636
-0.068750784
-0.03820436
-0.03780861
-0.032881714
-0.06110691
-0.050444536
-0.03928893
-0.048161346
-0.0254733
-0.037105244
-0.032389756
-0.060256563
-0.04739413
-0.06139829
-0.03624947
-0.038595088
-0.022918347
-0.05988089
-0.028855627
-0.024419656
-0.016537389
-0.039584495
-0.030185571
-0.06073128
-0.019811338
-0.054434538
-0.037401
-0.045692652
-0.036546677
-0.059099168
-0.045001112
-0.04983877
-0.056882195
-0.08395636
-0.07010577
-0.0377564
-0.05867673
-0.043511815
-0.05638647
-0.06879168
-0.04691277
-0.07727079
-0.03628199
-0.020623395
-0.05188015
-0.054078154
-0.053516187
-0.034043554
-0.028113972
-0.042036843
-0.053097546
-0.049339723
-0.03746666
-0.05128143
-0.052438624
-0.05277303
-0.032614484
-0.042816285
-0.061369024
-0.030418506
-0.051561482
-0.06493594
-0.052004445
-0.028845098
-0.027315602
-0.04637291
-0.061988045
-0.05885623
-0.053359985
-0.012852782
-0.042855423
-0.035624586
-0.0682739
-0.024079612
-0.058656782
-0.04304744
-0.026769053
-0.054729126
-0.052380063
-0.054203384
-0.042797588
-0.045241006
-0.053151745
-0.05585312
-0.0469199
-0.046791274
-0.040939074
-0.05931595
-0.06010089
-0.03675421
-0.043038458
-0.045705073
-0.019598471
-0.02264047
-0.04403402
-0.036701992
-0.05649243
-0.045579582
-0.044937182
-0.06559646
-0.015723692
-0.046347957
-0.045939192
-0.03294801
-0.041938577
-0.034937933
-0.032852694
-0.026597833
-0.051834024
-0.042855743
-0.024661532
-0.038405802
-0.056558806
-0.030204128
-0.041789718
-0.03427712
-0.051397763
-0.036344342
-0.05956306
-0.043981157
-0.037538696
-0.0497695
-0.025749618
-0.041971825
-0.02586869
-0.018207675
-0.061075896
-0.04654955
-0.052705027
-0.04405833
-0.023025887
-0.045581438
-0.06741335
-0.019884009
-0.03276869
-0.058327865
-0.042789154
-0.052906282
-0.056475896
-0.060046207
-0.03956873
-0.052318174
-0.06725298
-0.06721129
-0.060690917
-0.033249076
-0.06676169
-0.047156774
-0.047480218
-0.018554095
-0.020035645
-0.054768164
-0.060691148
-0.05423201
-0.07244462
-0.058806818
-0.06725272
-0.036160715
-0.045745067
-0.058932643
-0.027726883
-0.07327946
-0.046184607
-0.0365724
-0.030266916
-0.042368405
-0.05215814
-0.049966477
-0.01893151
-0.030126328
-0.03468721
-0.030620407
-0.03719951
-0.03453713
-0.036318664
-0.02574634
-0.05257851
-0.040537003
-0.05695029
-0.030832618
-0.037256762
-0.028936898
-0.04617761
-0.05358935
-0.037125148
-0.03489431
-0.043322362
-0.044360533
-0.031954974
-0.035213284
-0.029752934
-0.03208755
-0.03995365
-0.03742634
-0.046424966
-0.029022168
-0.05125929
-0.05863904
-0.051761925
-0.037876952
-0.036797713
-0.030786406
-0.046420727
-0.038092587
-0.051568925
-0.024547983
-0.058751326
-0.047727387
-0.041236617
-0.08417289
-0.058904987
-0.039365433
-0.05209447
-0.03834844
-0.034963734
-0.043839127
-0.05037543
-0.05164643
-0.031451978
-0.03275232
-0.044683684
-0.042732395
-0.04589522
-0.036312677
-0.030192042
-0.034447312
-0.03123107
-0.013266431
-0.01121391
-0.04180482
-0.035340253
-0.026399726
-0.044224612
-0.020450357
-0.034568533
-0.04324302
-0.057575632
-0.042241223
-0.029001962
-0.021156188
-0.043634467
-0.04421062
-0.028877545
-0.025582979
-0.03658525
-0.042612754
-0.043065257
-0.040922772
-0.037340175
-0.029373135
-0.047519505
-0.023434008
-0.052693743
-0.06947173
-0.042208944
-0.035366468
-0.019155938
-0.04667086
-0.0370501
-0.054496218
-0.0347507
-0.05027353
-0.036965393
-0.05013729
-0.047067977
-0.06686349
-0.046383627
-0.020386005
-0.037922766
-0.05706362
-0.026738852
-0.030424982
-0.035360258
-0.028996151
-0.03025179
-0.058095355
-0.036235355
-0.04918827
-0.035889663
-0.031690605
-0.069987714
-0.052774392
-0.0598432
-0.03267912
-0.036052324
-0.03613446
-0.05839883
-0.042004395
-0.027828205
-0.054646324
-0.042432096
-0.043381803
-0.05688662
-0.06680299
-0.041626707
-0.028189832
-0.04563541
-0.06965419
-0.045171075
-0.06520279
-0.07201417
-0.04303635
-0.06797443
-0.035072766
-0.04967848
-0.08796118
-0.05033212
-0.036289293
-0.08301202
-0.057950485
-0.05329735
-0.08254004
-0.049568478
-0.039352562
-0.045577876
-0.053443074
-0.059371956
-0.03841707
-0.0143151255
-0.051992632
-0.06554379
-0.044122092
-0.07626407
-0.05684186
-0.077690974
-0.06303389
-0.049617052
-0.017562833
-0.06533539
-0.074086726
-0.032966606
-0.085795715
-0.02809852
-0.06169991
-0.06968772
-0.0627529
-0.02619266
-0.0398982
-0.060376525
-0.055433124
-0.040776003
-0.0898858
-0.04749896
-0.0730976
-0.080240086
-0.04672048
-0.055665493
-0.0578086
-0.08433203
-0.07435479
-0.06665413
-0.043072682
-0.049007066
-0.027397778
-0.033169337
-0.065650895
-0.058983188
-0.03553108
-0.059082318
-0.06955187
-0.049063094
-0.019356769
-0.047043983
-0.056338362
-0.061704557
-0.044089533
-0.035149276
-0.03341877
-0.046621572
-0.016509715
-0.02296497
-0.037384294
-0.03404858
-0.04836623
-0.06254952
-0.048791382
-0.06696058
-0.0691797
-0.048060227
-0.071376845
-0.050241582
-0.060540624
-0.083531015
-0.08999876
-0.04237645
-0.05590979
-0.049688708
-0.06410171
-0.051034797
-0.07421956
-0.062092878
-0.07939698
-0.054585375
-0.053898305
-0.05987821
-0.0603696
-0.07160695
-0.05172924
-0.04298535
-0.05435183
-0.05835258
-0.059302695
-0.03240234
-0.04794448
-0.043807924
-0.050483786
-0.061988108
-0.062313445
-0.06836726
-0.040632956
-0.027043581
-0.07078441
-0.06909157
-0.06725754
-0.049858946
-0.05597333
-0.060915507
-0.046631657
-0.06660159
-0.03742165
-0.072459385
-0.052809916
-0.05765753
-0.0479505
-0.048433922
-0.053281583
-0.06634343
-0.0680545
-0.061663218
-0.04753422
-0.046696514
-0.032263327
-0.065325595
-0.04265291
-0.074961685
-0.06175532
-0.056810815
-0.08481252
-0.046635248
-0.035453007
-0.062312923
-0.03239061
-0.026259681
-0.04861229
-0.06686379
-0.051436227
-0.035302006
-0.030459201
-0.054728396
-0.029703125
-0.017547745
-0.03945554
-0.047487173
-0.028387692
-0.041411377
-0.064114794
-0.074474774
-0.021691559
-0.0372081
-0.08054415
-0.0435329
-0.037375487
-0.030028606
-0.050043534
-0.040720917
-0.039648995
-0.064425625
-0.040705092
-0.050118446
-0.052151274
-0.06325729
-0.034716167
-0.041815676
-0.05369206
-0.04972468
-0.03531311
-0.042197466
-0.03697907
-0.027535358
-0.02920643
-0.044631287
-0.018920701
-0.07697539
-0.06857921
-0.061150223
-0.028109249
-0.036856182
-0.013097095
-0.03562846
-0.023880715
-0.044949833
-0.07499882
-0.058809858
-0.03717924
-0.08248628
-0.041052066
-0.043648217
-0.015956167
-0.043929152
-0.055891402
-0.01693479
-0.059444737
-0.073926345
-0.07284144
-0.07106992
-0.06620809
-0.058396827
-0.04550308
-0.03561249
-0.045143344
-0.048109747
-0.065272786
-0.03994056
-0.025265906
-0.030703563
-0.07246235
-0.04413932
-0.05384634
-0.04404659
-0.061341386
-0.04432373
-0.03850594
-0.050653316
-0.0563823
-0.065710664
-0.05036754
-0.0662243
-0.028724208
-0.050768983
-0.049759198
-0.042270776
-0.047156684
-0.041554596
-0.072943196
-0.07278447
-0.060485147
-0.042652354
-0.07013167
-0.027412778
-0.031869613
-0.061341744
-0.05291198
-0.052980304
-0.05958556
-0.04152531
-0.042958815
-0.059099793
-0.06604177
-0.060879372
-0.06021849
-0.07854054
-0.059642483
-0.064857304
-0.051115464
-0.035313223
-0.07315189
-0.05241536
-0.06391288
-0.045156408
-0.072342895
-0.04026078
-0.038382508
-0.05673929
-0.075402506
-0.071660995
-0.073804885
-0.04141197
-0.028213874
-0.037429247
-0.057807542
-0.04858928
-0.041569404
-0.03856545
-0.03690642
-0.06605236
-0.045121484
-0.036998805
-0.0669573
-0.05905935
-0.0427045
-0.07274131
-0.04145811
-0.045615073
-0.022324344
-0.04938001
-0.043435775
-0.05221458
-0.02974708
-0.06335594
-0.042119354
-0.06447773
-0.06472717
-0.03493803
-0.044811375
-0.04258027
-0.037385814
-0.07075081
-0.06447649
-0.05140937
-0.04214123
-0.046614192
-0.03737579
-0.038639218
-0.022279581
-0.029165994
-0.041671686
-0.067171894
-0.07418505
-0.034329586
-0.030175954
-0.051407106
-0.027696494
-0.061910134
-0.049884625
-0.026944106
-0.05770141
-0.05139665
-0.03685222
-0.03404228
-0.05070425
-0.04128984
-0.037727214
-0.06777698
-0.021657519
-0.054471172
-0.08001021
-0.043987446
-0.028149128
-0.039871853
-0.04180509
-0.059140004
-0.047511317
-0.06119284
-0.04416261
-0.046632607
-0.048742495
-0.035891164
-0.04445924
-0.042275883
-0.05774349
-0.03601364
-0.020534212
-0.039165236
-0.019075157
-0.018795053
-0.016969632
-0.03876369
-0.04533383
-0.047572047
-0.036003448
-0.05677577
-0.027472481
-0.036156747
-0.05592952
-0.06310738
-0.04498447
-0.02345202
-0.038960896
-0.03208984
-0.01858915
-0.043327864
-0.02050755
-0.041657872
-0.0421463
-0.033828016
-0.03626401
-0.021634925
-0.023010317
-0.056814153
-0.043342274
-0.04340927
-0.024634764
-0.028427642
-0.043660358
-0.05958751
-0.038222842
-0.02692826
-0.050883383
-0.018389467
-0.027769525
-0.04424974
-0.010462406
-0.04572196
-0.043322902
-0.020096041
-0.04965601
-0.06842608
-0.02534979
-0.05788974
-0.02348368
-0.03602581
-0.038878106
-0.033331268
-0.041229665
-0.016005337
-0.048742406
-0.023462689
-0.05964008
-0.04316188
-0.05203595
-0.041657075
-0.04462685
-0.0340783
-0.057136763
-0.07412386
-0.035393823
-0.028857958
-0.02716146
-0.033996
-0.038438372
-0.01795941
-0.033496145
-0.04190197
-0.04339626
-0.057359003
-0.027452717
-0.042728953
-0.03007501
-0.04179458
-0.06491641
-0.020808106
-0.028331172
-0.035384763
-0.053837262
-0.05086081
-0.020741533
-0.028491016
-0.051152818
-0.027540248
-0.04991738
-0.057523035
-0.063620195
-0.06442787
-0.019735064
-0.065753855
-0.06871428
-0.03946396
-0.05932355
-0.052470624
-0.04222197
-0.03348557
-0.049271956
-0.027877426
-0.07194686
-0.055602957
-0.04948669
-0.034855887
-0.03821236
-0.056341626
-0.04981882
-0.048317976
-0.035086233
-0.039774254
-0.026899358
-0.048912153
-0.037054617
-0.02754791
-0.0268049
-0.032603756
-0.053405054
-0.040515546
-0.037444927
-0.03758083
-0.035015088
-0.072125316
-0.034532417
-0.042298596
-0.035438914
-0.041627347
-0.052375138
-0.048446428
-0.041962933
-0.010335078
-0.036622357
-0.052837957
-0.032762673
-0.022121547
-0.0357333
-0.04105601
-0.040020395
-0.042199653
-0.048013076
-0.08478285
-0.07313083
-0.041747864
-0.05639056
-0.07978145
-0.05768596
-0.036143232
-0.043468032
-0.067269936
-0.049452465
-0.025309011
-0.049463533
-0.035785574
-0.052939363
-0.05995556
-0.06471586
-0.033440284
-0.081909515
-0.07309489
-0.027282411
-0.06308728
-0.036327917
-0.02166515
-0.030696671
-0.04150925
-0.07080092
-0.049400415
-0.020583127
-0.058207702
-0.046272375
-0.049008228
-0.048587848
-0.045564897
-0.042542286
-0.06315108
-0.027654132
-0.048445813
-0.071655035
-0.05439825
-0.055317707
-0.057126693
-0.04871776
-0.041571975
-0.05112539
-0.0618487
-0.0492001
-0.025595635
-0.06399806
-0.040463295
-0.043220162
-0.081070654
-0.051470894
-0.045420367
-0.040278964
-0.03215127
-0.033743344
-0.031798024
-0.06494413
-0.054602873
-0.06525549
-0.05972453
-0.043386817
-0.043055415
-0.05270084
-0.042111248
-0.042105403
-0.05749776
-0.035123736
-0.048097234
-0.058046214
-0.055864584
-0.06655353
-0.055559736
-0.04282697
-0.079851925
-0.03849978
-0.07990774
-0.052707016
-0.035520747
-0.046800274
-0.04177277
-0.059353154
-0.08600007
-0.04329651
-0.03429138
-0.03268794
-0.024436478
-0.03380268
-0.062352918
-0.02404166
-0.051865518
-0.061092358
-0.048784785
-0.044614024
-0.073838934
-0.039047908
-0.04891958
-0.04120939
-0.056546837
-0.033248525
-0.050915122
-0.050171934
-0.07065352
-0.04910613
-0.042847365
-0.059485376
-0.066603065
-0.05172611
-0.042200238
-0.07111249
-0.038901575
-0.06428932
-0.043973923
-0.033758234
-0.06582477
-0.025335237
-0.0627305
-0.052003622
-0.049979303
-0.042983063
-0.057180483
-0.041218836
-0.044164628
-0.026449522
-0.04142467
-0.036293138
-0.07500969
-0.047915343
-0.04144765
-0.04867872
-0.062491726
-0.03714481
-0.061377186
-0.07881436
-0.071815
-0.07407482
-0.058649622
-0.052134443
-0.018938998
-0.05559901
-0.044024445
-0.047869176
-0.09743525
-0.04405223
-0.04713073
-0.07997566
-0.05461342
-0.049921807
-0.05066105
-0.067821965
-0.033943605
-0.040453024
-0.04066697
-0.06301276
-0.05408249
-0.036970876
-0.051810123
-0.040991776
-0.047025442
-0.041984543
-0.057041567
-0.06407694
-0.07185281
-0.04817695
-0.06386493
-0.07161866
-0.06476675
-0.041007057
-0.05124542
-0.040758815
-0.036825452
-0.04789939
-0.035067223
-0.01954609
-0.071179375
-0.026876455
-0.05876605
-0.032984383
-0.06996814
-0.07039587
-0.04277935
-0.056492794
-0.02915736
-0.042006694
-0.0359103
-0.018276643
-0.04953022
-0.021808045
-0.030103806
-0.058891952
-0.048109807
-0.05183671
-0.041936804
-0.04863261
-0.06614719
-0.06663527
-0.059499077
-0.045720406
-0.041004594
-0.04429827
-0.034398578
-0.05660156
-0.027192298
-0.03519798
-0.038961012
-0.046173237
-0.0333201
-0.03250352
-0.050443202
-0.03857291
-0.04000642
-0.066463485
-0.06106358
-0.057849836
-0.042003892
-0.053575058
-0.0485598
-0.033736084
-0.037575714
-0.04565669
-0.03295638
-0.040700387
-0.06358119
-0.05839601
-0.034040675
-0.026520949
-0.0713089
-0.07372387
-0.07155236
-0.064759195
-0.03466667
-0.058208477
-0.06557005
-0.048496306
-0.060115725
-0.0504422
-0.058486026
-0.026799122
-0.041948564
-0.07974495
-0.067950815
-0.070745245
-0.019365614
-0.058843784
-0.048862793
-0.047806293
-0.042663194
-0.049814064
-0.029085621
-0.040715504
-0.0658385
-0.04055932
-0.055151798
-0.03170618
-0.03357725
-0.05433031
-0.09640267
-0.0409709
-0.03389283
-0.06487345
-0.08646937
-0.080016464
-0.049001556
-0.046742607
-0.05047345
-0.07481839
-0.04766821
-0.04079784
-0.025478238
-0.07093881
-0.041532516
-0.07028395
-0.052295107
-0.068269044
-0.04324767
-0.05507611
-0.053543597
-0.048925914
-0.046312895
-0.04504373
-0.05151785
-0.06558102
-0.03379671
-0.0480055
-0.04814574
-0.07646568
-0.048301525
-0.06530387
-0.046780325
-0.06900037
-0.060757983
-0.073496744
-0.070204355
-0.04837188
-0.056020517
-0.078255914
-0.041444715
-0.07931624
-0.054704987
-0.065396965
-0.05931633
-0.06622428
-0.02613009
-0.062418036
-0.064178206
-0.047001593
-0.03526186
-0.052386045
-0.055787973
-0.073057525
-0.049375433
-0.03347396
-0.052182026
-0.05785815
-0.08180901
-0.055836428
-0.066556975
-0.040872514
-0.047457073
-0.052117694
-0.05505816
-0.056888163
-0.056332506
-0.049084775
-0.07221292
-0.06345881
-0.056902565
-0.07349919
-0.029876322
-0.06270778
-0.07877324
-0.04046186
-0.06346505
-0.06694316
-0.06121679
-0.058729805
-0.045109607
-0.06876885
-0.09511323
-0.09246478
-0.07050729
-0.078413144
-0.06567564
-0.07777712
-0.053782128
-0.03170265
-0.08708455
-0.046039816
-0.07218473
-0.07984457
-0.088419534
-0.07824268
-0.060317166
-0.052229
-0.04957459
-0.06747252
-0.036332376
-0.04173266
-0.030436154
-0.067835346
-0.039791655
-0.0674452
-0.033280928
-0.04134234
-0.055865802
-0.05548059
-0.0633407
-0.034439333
-0.06709286
-0.036350816
-0.049775466
-0.03336059
-0.04862349
-0.035054244
-0.062225025
-0.058953464
-0.0159291
-0.047823004
-0.09714438
-0.018735988
-0.046283443
-0.056999646
-0.050639845
-0.056631584
-0.0780628
-0.031390693
-0.041669928
-0.0657418
-0.04842903
-0.057317067
-0.06376192
-0.053139348
-0.028086558
-0.05491791
-0.0622774
-0.029188743
-0.018204514
-0.040390845
-0.043559335
-0.037723247
-0.086890824
-0.077626154
-0.063111424
-0.069681354
-0.03488972
-0.025983626
-0.07880532
-0.04093834
-0.052609067
-0.056010555
-0.05689125
-0.056689374
-0.077438325
-0.06028496
-0.056674503
-0.064864054
-0.06469549
-0.071465135
-0.04923227
-0.050943375
-0.07791182
-0.045483314
-0.07274554
-0.049906895
-0.07969342
-0.078143075
-0.052983582
-0.062292486
-0.063675545
-0.062928714
-0.057201736
-0.054756094
-0.038579367
-0.0681831
-0.091618195
-0.04139672
-0.06250735
-0.04933451
-0.067109026
-0.06448833
-0.048327856
-0.060822118
-0.04021719
-0.06111732
-0.06231747
-0.05688698
-0.06019748
-0.079280496
-0.05889114
-0.048190393
-0.09658728
-0.07272956
-0.08655956
-0.064214155
-0.057140786
-0.07174092
-0.0793501
-0.049082037
-0.07155205
-0.077983595
-0.05093018
-0.054130454
-0.033349335
-0.03446261
-0.0490292
-0.04788832
-0.048326883
-0.03294259
-0.036264665
-0.07407381
-0.014821351
-0.043748364
-0.04574337
-0.074267924
-0.0643983
-0.056455214
-0.075597964
-0.085531555
-0.060020078
-0.057229646
-0.06331487
-0.0479728
-0.07772438
-0.06972602
-0.046468414
-0.06546585
-0.041735243
-0.050827492
-0.055877753
-0.033498473
-0.07766959
-0.053022362
-0.058091152
-0.034396965
-0.04192584
-0.09092056
-0.047755636
-0.03695267
-0.081330426
-0.10095992
-0.040414542
-0.04328899
-0.07938224
-0.10348733
-0.08260429
-0.05814756
-0.06628265
-0.07250271
-0.0659322
-0.056654543
-0.06495714
-0.06489623
-0.063926175
-0.044655148
-0.062706836
-0.051969666
-0.055279363
-0.07679505
-0.04800358
-0.048395425
-0.05712987
-0.05638956
-0.030990938
-0.046361886
-0.048561614
-0.060877167
-0.035649292
-0.042837746
-0.082009055
-0.06251113
-0.05000058
-0.039571766
-0.06349345
-0.03922633
-0.057776082
-0.05533021
-0.055925913
-0.078550085
-0.058039732
-0.06990557
-0.06794645
-0.057334494
-0.043916382
-0.057120554
-0.027857188
-0.033464666
-0.04195612
-0.04490195
-0.074190535
-0.07918131
-0.05334761
-0.062232506
-0.048474856
-0.05290524
-0.04859612
-0.058226824
-0.04040695
-0.057064522
-0.06309666
-0.04261268
-0.05531749
-0.05588936
-0.04805912
-0.069377966
-0.065159135
-0.048213143
-0.04776391
-0.020200549
-0.08106878
-0.053764485
-0.063689865
-0.05523435
-0.057893652
-0.057852067
-0.034247305
-0.05669602
-0.04792615
-0.062791914
-0.07014893
-0.08081432
-0.05576868
-0.07758935
-0.053207852
-0.032216795
-0.055824958
-0.04777811
-0.060901325
-0.06933798
-0.040662482
-0.013710799
-0.06516013
-0.044816203
-0.057772614
-0.04970949
-0.05517582
-0.03235536
-0.06515338
-0.033594176
-0.043520175
-0.048984654
-0.061480653
-0.04967841
-0.09277038
-0.07210999
-0.08062734
-0.09505189
-0.09654571
-0.05603545
-0.054862726
-0.100757
-0.0480232
-0.057584066
-0.066945985
-0.06805222
-0.055075616
-0.039093714
-0.052098144
-0.065083966
-0.06959884
-0.049917962
-0.058037966
-0.0879486
-0.04766447
-0.06345302
-0.06693365
-0.081622414
-0.041357987
-0.040646542
-0.05062555
-0.06270151
-0.056315016
-0.070850275
-0.062001437
-0.08286746
-0.054470263
-0.06851775
-0.07569279
-0.025342936
-0.025230814
-0.047362033
-0.05628833
-0.041912504
-0.05534195
-0.098958604
-0.065639935
-0.040464982
-0.070567995
-0.06652671
-0.09895675
-0.044702344
-0.04362333
-0.07216116
-0.073378876
-0.08464763
-0.048237693
-0.06399493
-0.049037993
-0.06439827
-0.04904888
-0.062255897
-0.042004112
-0.061746456
-0.03344841
-0.072166935
-0.04367085
-0.069556355
-0.012899612
-0.07065651
-0.09275004
-0.047407515
-0.06524311
-0.0852521
-0.03192672
-0.07061275
-0.05857984
-0.0468854
-0.058553614
-0.06448422
-0.08121415
-0.0834526
-0.042482246
-0.034354128
-0.062539026
-0.06428353
-0.06187419
-0.062012255
-0.08743431
-0.046983488
-0.053789336
-0.06969352
-0.06514345
-0.054877765
-0.054803096
-0.047882058
-0.037333645
-0.056525387
-0.046100803
-0.077958405
-0.058920324
-0.0695305
-0.07069627
-0.06368144
-0.08117293
-0.085116
-0.087535635
-0.059476953
-0.07039365
-0.09240581
-0.078387305
-0.049977988
-0.04006778
-0.07561581
-0.06965612
-0.06801943
-0.07270455
-0.05868411
-0.011029293
-0.02779898
-0.078520656
-0.06750306
-0.055450033
-0.08706142
-0.0633795
-0.0326242
-0.05123409
-0.07549393
-0.04933531
-0.06532713
-0.06002053
-0.06399057
-0.10734306
-0.03222754
-0.06213222
-0.06871915
-0.076755494
-0.06569491
-0.062256247
-0.06451938
-0.061445236
-0.03920939
-0.0570621
-0.062602654
-0.06422223
-0.06512318
-0.08008053
-0.06954585
-0.036448266
-0.07625444
-0.06944762
-0.076472916
-0.064453244
-0.065021895
-0.051458113
-0.06880467
-0.06445551
-0.03996835
-0.06874203
-0.080321945
-0.06153197
-0.053648226
-0.05461561
-0.084098786
-0.048234347
-0.07638727
-0.080327235
-0.07022948
-0.06465249
-0.05383069
-0.06390323
-0.050761662
-0.09187159
-0.060744666
-0.07133798
-0.057663083
-0.0550111
-0.05425043
-0.048195265
-0.055979997
-0.06165005
-0.10720666
-0.047234718
-0.07784991
-0.04148648
-0.019419558
-0.08674587
-0.04085241
-0.03285567
-0.06943871
-0.079937235
-0.078460865
-0.0761528
-0.07700454
-0.040414147
-0.042270493
-0.06277218
-0.047829162
-0.059810422
-0.103171624
-0.071036935
-0.065483734
-0.051140755
-0.06926728
-0.043669637
-0.050205927
-0.060444616
-0.076253414
-0.08454423
-0.06639588
-0.034126513
-0.054640584
-0.06880974
-0.046340477
-0.07668733
-0.07607239
-0.07337276
-0.053872038
-0.10959812
-0.06707269
-0.047215723
-0.04855103
-0.02689805
-0.071636006
-0.03628115
-0.07134101
-0.062857635
-0.06428041
-0.069294915
-0.09991407
-0.060738213
-0.038534656
-0.048371267
-0.07107669
-0.04189446
-0.057585143
-0.086928904
-0.06922822
-0.04804381
-0.06398465
-0.09051666
-0.072042584
-0.059007317
-0.03861485
-0.0437768
-0.044415798
-0.08523878
-0.032201827
-0.123437285
-0.06749934
-0.084367245
-0.09172104
-0.06228646
-0.0623497
-0.070424385
-0.06168887
-0.053041458
-0.06954197
-0.07582487
-0.06971828
-0.06259108
-0.084493004
-0.050309397
-0.04953707
-0.06078871
-0.056770932
-0.050010633
-0.065105915
-0.046644516
-0.062340043
-0.0540455
-0.07201486
-0.044872567
-0.03846053
-0.06087327
-0.06984163
-0.06143234
-0.04701335
-0.081871055
-0.05678879
-0.09357232
-0.068290755
-0.033776056
-0.02761046
-0.057484698
-0.047615595
-0.07644484
-0.05714212
-0.071886435
-0.05947662
-0.091228165
-0.05724349
-0.05966475
-0.06878156
-0.059574854
-0.057869006
-0.059072096
-0.053789534
-0.06911137
-0.04629361
-0.122501776
-0.0745449
-0.069674484
-0.057002466
-0.080108434
-0.060082316
-0.056613017
-0.069689214
-0.058372837
-0.0764961
-0.05605661
-0.050077476
-0.046399646
-0.044950772
-0.045785576
-0.06787002
-0.084074706
-0.05747818
-0.09357068
-0.051637046
-0.056499965
-0.06459097
-0.07518847
-0.043595217
-0.06988864
-0.05342002
-0.039341133
-0.078792766
-0.04698571
-0.05722181
-0.04732175
-0.08498466
-0.07867755
-0.062074054
-0.05878065
-0.04740217
-0.07599445
-0.084032476
-0.07836371
-0.056778856
-0.0685429
-0.056007124
-0.05855903
-0.06628676
-0.04955139
-0.05158308
-0.06401403
-0.06277613
-0.0651605
-0.07132842
-0.061900146
-0.10686417
-0.055810176
-0.056033887
-0.054659177
-0.039294325
-0.06415852
-0.06761298
-0.09249656
-0.07724528
-0.07585051
-0.08404486
-0.07598939
-0.04752981
-0.06699292
-0.06862305
-0.08026195
-0.084350444
-0.06704322
-0.08115593
-0.10445392
-0.074388884
-0.073789395
-0.07837885
-0.07672312
-0.09893344
-0.048223697
-0.08329668
-0.06345684
-0.057543952
-0.07612346
-0.08561264
-0.09836265
-0.0698338
-0.040404018
-0.062790334
-0.08378078
-0.082751036
-0.06984683
-0.058811724
-0.08029405
-0.08066563
-0.09378208
-0.07985912
-0.053352736
-0.054133333
-0.04753633
-0.10266714
-0.052049495
-0.09438057
-0.06792061
-0.07827225
-0.06129102
-0.054888763
-0.09630923
-0.068557434
-0.06177195
-0.08276935
-0.086258866
-0.10718777
-0.09389441
-0.056044936
-0.084074356
-0.08584436
-0.095098235
-0.08735757
-0.06062626
-0.07065898
-0.06888112
-0.077090956
-0.07255153
-0.07004374
-0.06652161
-0.053788017
-0.07304704
-0.077673115
-0.054253817
-0.1275244
-0.069069915
-0.051691752
-0.07277554
-0.090115234
-0.09290144
-0.077728525
-0.09163816
-0.08734596
-0.090131626
-0.084382296
-0.08510077
-0.05545395
-0.089819916
-0.021772599
-0.073669314
-0.06966573
-0.09073706
-0.04836405
-0.07688448
-0.06404483
-0.077495016
-0.06126674
-0.106481716
-0.070696004
-0.07388821
-0.06796589
-0.09865656
-0.07219952
-0.076834105
-0.06804824
-0.0784693
-0.07115735
-0.08287575
-0.08471869
-0.069050565
-0.0699237
-0.07051552
-0.051732015
-0.052919555
-0.07005336
-0.085761204
-0.043738768
-0.03938346
-0.068193674
-0.0906938
-0.056214593
-0.060641933
-0.103047155
-0.08099334
-0.080226645
-0.07927754
-0.048933934
-0.06836853
-0.06797663
-0.097628236
-0.067504145
-0.06594602
-0.08491328
-0.07642011
-0.06918578
-0.06402017
-0.067828774
-0.07838289
-0.08512997
-0.08611952
-0.032963283
-0.07953242
-0.07790223
-0.084392905
-0.078856215
-0.090146676
-0.0712934
-0.08230623
-0.06264831
-0.08259405
-0.0660114
-0.083700486
-0.08267792
-0.087496236
-0.070650324
-0.033100504
-0.08011688
-0.08321839
-0.08766635
-0.075687446
-0.070139214
-0.045029316
-0.08490541
-0.08891357
-0.08290442
-0.08643473
-0.048841678
-0.09066528
-0.05642084
-0.10265082
-0.06806892
-0.08329761
-0.09321369
-0.090232156
-0.06787294
-0.09979229
-0.11807905
-0.09393339
-0.07848491
-0.058659572
-0.08815235
-0.09046819
-0.0681099
-0.073647514
-0.028735762
-0.07069566
-0.061721325
-0.103221916
-0.075905286
-0.07126356
-0.055375837
-0.048887946
-0.068721384
-0.05265156
-0.09067232
-0.09126356
-0.08459511
-0.083216846
-0.08489409
-0.08368248
-0.06855929
-0.06344536
-0.07079686
-0.072657615
-0.101470605
-0.11292962
-0.05627308
-0.062713645
-0.085654855
-0.09443121
-0.07066657
-0.093258
-0.09069209
-0.0804232
-0.052383162
-0.085587844
-0.104979895
-0.07596756
-0.1095541
-0.07000472
-0.08340357
-0.07538088
-0.10992024
-0.092132404
-0.11134888
-0.10031162
-0.08493566
-0.06299038
-0.11083744
-0.08480655
-0.12223879
-0.11589122
-0.06775358
-0.055408318
-0.06746208
-0.07710442
-0.07719202
-0.08829373
-0.048385937
-0.080392
-0.06338949
-0.07324232
-0.091253534
-0.061864216
-0.09475565
-0.083356135
-0.08922216
-0.053078365
-0.07982598
-0.063902445
-0.09553284
-0.08718697
-0.046938073
-0.0750193
-0.06909899
-0.07059474
-0.05613774
-0.07851124
-0.06935515
-0.06044379
-0.09548716
-0.07861841
-0.071806625
-0.06329214
-0.08241755
-0.10748514
-0.07907592
-0.08462725
-0.08300266
-0.095921576
-0.13457902
-0.09788021
-0.07236193
-0.06271237
-0.08073685
-0.100636706
-0.075803496
-0.0704568
-0.09264958
-0.08768957
-0.07814375
-0.06893911
-0.113341354
-0.08962997
-0.06873709
-0.115758225
-0.11122376
-0.07569659
-0.09014954
-0.018620314
-0.10029415
-0.027862687
-0.09824623
-0.092546806
-0.08770548
-0.071011804
-0.08713829
-0.09221038
-0.05023117
-0.060378008
-0.12026782
-0.08934483
-0.085654065
-0.042569585
-0.033022515
-0.0919673
-0.10493765
-0.09191771
-0.067603886
-0.062718436
-0.06743684
-0.1172626
-0.09709592
-0.04038229
-0.10048926
-0.12045606
