163.9136
148.33716
140.96173
123.225464
161.40103
145.6462
138.80096
178.7814
112.93849
132.78217
127.71354
119.739
130.28262
137.4017
142.34749
108.77103
126.98762
107.50032
112.76291
130.46985
129.93216
133.97737
102.312904
122.81926
111.023964
112.67229
104.813126
124.46953
121.099144
116.50526
99.187614
106.86668
86.309204
104.79822
89.25313
83.74315
94.84438
93.92404
96.57619
90.09427
98.103
93.89122
95.71863
93.926704
116.75674
110.56391
105.95745
98.30736
98.87452
31.794516
85.05601
71.37327
73.95999
91.2872
114.71321
93.426155
92.572014
77.055786
72.55539
72.45665
65.63207
66.3885
54.513958
80.02385
74.6176
78.57671
66.23211
69.54996
59.65609
85.44819
79.05828
89.47164
58.43302
70.12684
66.978134
78.4183
91.85264
67.85605
64.61338
77.11516
57.76836
64.31996
66.035515
63.138565
59.73177
77.42893
44.116936
69.607864
48.021492
46.66382
48.924995
52.990784
58.10869
59.288883
54.32996
66.93263
47.75116
53.98148
62.16897
50.47189
62.253258
43.54309
42.358593
49.05877
44.452946
46.935917
49.844925
42.94078
38.129295
45.841656
46.658318
43.436092
49.209827
44.12539
41.695576
42.074497
45.131413
35.918053
40.122562
37.5551
40.625534
47.08054
45.896606
41.992455
45.88853
33.135334
41.7314
37.625366
42.46409
36.005093
43.15838
34.610905
40.737034
43.10201
49.697
44.798717
37.21856
35.2331
35.641636
39.899685
31.031965
30.822304
34.183773
38.87336
39.46721
42.720512
34.126553
37.171238
35.069252
46.04237
41.673046
42.381092
44.269333
38.496624
41.384453
32.79188
37.297653
45.061417
31.998291
33.988235
31.532799
35.317547
36.192455
36.88372
36.30236
35.128956
34.931103
33.282207
37.732975
34.476067
35.970592
46.23772
33.01623
32.56355
32.94684
38.230045
30.8606
36.043564
41.275963
32.659435
35.82599
41.884197
38.496677
38.17412
30.057861
32.31095
32.06099
30.459772
36.789997
33.589855
35.946327
33.297714
32.951546
35.14794
35.69472
31.824837
41.08058
38.072414
32.20327
33.73588
33.006393
28.351885
32.080402
28.521889
26.917036
30.419527
31.096886
31.568794
30.036085
33.165634
36.344547
34.703312
28.237722
31.89465
32.039284
32.8467
29.688997
31.087683
32.665485
35.032967
35.455376
29.62906
30.019403
30.32739
33.731514
30.498383
32.374928
31.589058
29.284597
34.323338
29.21435
30.876957
28.199656
32.072132
32.974148
33.28018
32.722767
29.895031
33.19756
34.47535
33.062965
29.956932
34.985115
34.514576
31.99444
28.554127
26.44597
29.891727
32.155807
30.02847
27.421131
32.77828
25.30282
27.4507
27.501247
29.434416
27.322176
31.54176
27.979094
29.03487
30.983408
25.189812
26.62721
30.316154
30.843046
27.709883
23.639832
27.99128
28.725756
26.944408
25.939077
26.440485
36.570015
40.414986
31.022532
28.129875
28.213196
30.386059
25.752935
24.885677
35.411045
29.381798
26.507915
27.467718
24.760033
26.108976
29.867493
31.209307
25.980278
29.119434
26.922756
32.591206
26.768822
29.388403
28.177359
25.42165
28.572943
26.657797
27.971945
26.315685
26.90721
27.572218
28.359947
28.85494
23.169514
23.529518
26.613684
30.955492
24.843697
23.218103
28.27236
28.648584
27.256748
27.165203
26.18786
25.12329
28.542084
23.874928
23.892387
28.645123
29.789762
22.380836
24.800884
24.086208
27.693178
20.08933
20.338175
21.412825
23.570887
24.702238
26.738064
23.529383
21.968576
23.113073
25.371157
23.73291
22.761305
21.729944
21.858114
25.5618
23.454338
24.482182
27.53242
26.325953
22.299253
23.355541
23.713318
25.930243
23.591179
38.19791
26.183289
25.764013
25.391075
25.262264
24.351023
24.356646
24.631388
20.842976
21.58116
24.665611
31.585976
23.5283
24.32299
24.42912
25.1155
24.01081
23.456055
20.076014
26.258884
21.041357
23.12733
26.214754
24.692968
22.038788
21.215084
31.411112
22.243559
20.893055
23.251007
19.974388
20.1684
21.992382
22.654161
23.074812
21.688877
22.17181
21.3843
21.727772
19.568945
21.98597
21.221033
25.932213
22.747526
23.769018
23.569118
24.966217
26.014189
24.594145
26.118904
25.60675
22.780361
23.63915
24.471651
22.742605
23.036604
26.470743
26.059025
22.85876
23.824348
27.026093
24.889164
25.204535
28.801525
23.826458
25.67461
21.662233
22.240734
20.70048
22.87818
24.602703
19.702745
22.24856
23.271778
26.326307
27.627495
23.034035
23.520945
23.77356
22.888275
22.29359
20.606258
23.480368
18.501629
21.273586
23.538874
19.65363
23.908154
22.663273
26.068567
20.774614
19.574299
23.07948
18.385832
21.858154
19.396198
22.212355
25.889517
20.34768
27.286613
24.93942
21.438063
22.116138
22.336653
23.284903
23.310133
29.957066
22.314003
25.525892
21.50481
22.22067
24.802605
22.655365
29.42021
23.272867
20.880037
22.639307
21.76361
25.917736
19.632757
25.020672
22.209673
21.12813
20.048006
20.34956
21.803596
28.044558
19.463127
20.580067
25.582087
21.990791
19.970463
22.825571
26.259216
20.021368
24.166935
28.298656
27.745094
19.529942
23.115896
23.539885
19.098421
21.339508
17.317148
22.714937
19.82542
19.909433
18.87793
25.222845
20.378502
21.729475
27.981264
19.492104
24.561413
22.050354
22.234201
21.307789
23.664211
21.03178
23.188288
25.332228
22.948578
19.780518
22.850828
23.790771
26.955406
22.219936
23.262686
22.50633
17.458483
19.167326
23.35359
20.118013
23.610567
20.200207
24.16432
21.27892
26.528477
24.941822
24.896318
25.70133
20.507385
21.83846
28.52887
26.95102
23.309967
23.22012
23.162378
27.392153
22.694818
22.620127
21.514143
22.476294
19.14844
24.06554
21.514849
19.89242
26.932072
27.29685
24.56892
23.180206
19.040066
20.105082
25.394596
22.144361
22.493645
23.605036
19.635614
23.205746
21.271614
22.227465
22.172476
23.749949
19.199392
24.635798
23.182007
21.107347
18.300013
17.090706
24.00324
18.704054
22.758253
21.625292
21.213032
18.551693
21.199488
19.346254
21.93287
25.812166
21.860317
26.30069
25.151354
20.610601
18.054634
22.371738
23.80049
24.858622
24.19734
21.784773
22.132475
20.644085
22.02024
24.045143
24.662737
20.026022
23.761126
26.699808
26.458405
22.767397
22.470284
23.472189
23.59682
20.090473
20.246124
24.536873
25.307407
21.377716
21.317736
22.515924
28.299034
20.988579
21.123
21.578714
22.304539
20.60544
18.410986
20.267332
22.540264
17.386385
26.946735
20.290215
18.323572
24.312223
19.51154
21.63396
19.631844
21.800486
21.87539
23.204409
25.221062
24.944326
25.123901
31.546135
23.95071
19.533346
20.008278
22.993444
18.266136
20.671953
25.315657
19.6743
22.92457
24.764217
18.539207
19.238499
20.290646
20.57294
21.844486
19.669836
20.760807
25.950335
16.791298
22.708746
25.872507
20.356537
17.576527
17.333515
26.176096
17.817345
17.844221
19.291466
20.21902
18.638987
20.658804
23.81442
19.098152
20.443634
17.505442
20.836617
20.03383
20.672495
20.986113
23.041601
19.13365
19.429792
20.039463
22.753052
22.095936
21.622383
20.185286
21.483175
29.287197
17.167482
21.593988
21.006487
19.763218
18.04245
23.516748
19.55063
21.428001
21.712276
17.897501
21.994844
19.772213
16.120085
20.216316
21.73817
20.786814
21.055126
17.798286
21.774557
17.061022
23.747307
18.276472
20.059658
21.25675
18.235924
19.565338
19.53906
19.32369
20.785759
21.8451
18.44065
18.224989
19.542934
21.570683
21.740425
19.529352
26.650562
24.493614
24.49351
20.521727
16.338606
22.428108
23.05778
20.145557
19.914652
20.40528
19.543016
24.0136
24.339159
20.890635
22.367176
21.392216
20.109013
20.736706
22.934505
17.501156
20.040667
18.596647
20.415337
19.736092
26.038158
20.220428
25.988976
20.146584
25.482243
22.477604
18.96833
20.85858
20.737408
22.465656
18.84806
18.16918
20.086823
16.905537
18.328722
21.013128
18.995049
20.78387
17.567083
24.021412
21.837284
23.5311
23.522224
25.561642
22.44686
21.06879
18.361902
22.501884
26.233137
22.367167
18.380653
17.79594
17.995598
20.72166
19.226524
20.219824
18.301111
19.202108
19.15754
20.77226
23.684969
19.1882
27.746656
20.499245
20.24622
24.254969
20.651161
16.622473
20.000227
19.5604
24.032904
19.817354
20.119823
18.839037
22.556898
17.86594
19.024427
23.133562
23.145441
22.406765
18.797413
19.301647
22.00308
21.581623
23.49219
22.37977
19.81486
20.977413
22.640411
20.113787
22.570927
21.277454
22.28809
22.201498
19.266489
21.250511
19.977911
21.337925
21.996367
22.957344
22.540075
19.014858
20.74097
21.274883
20.026028
17.817478
35.42387
21.105986
21.821657
16.55323
20.930258
18.280018
21.26284
18.411253
21.476778
21.872597
23.377028
17.831602
17.23824
22.692823
17.14037
21.65805
28.719063
19.433775
22.750326
19.500023
22.059496
21.064526
16.970455
20.304745
26.455473
20.976866
20.19906
20.220972
18.871286
18.696245
18.01312
20.259893
24.001173
21.697783
28.805689
20.194553
19.85242
22.293644
19.660177
18.196165
19.092352
19.292768
20.7485
20.90076
19.981518
18.41143
17.433104
18.338947
19.453573
18.9942
20.44526
23.418074
19.635077
22.908651
20.410686
16.754139
22.855803
18.837742
18.777245
21.060116
21.081621
18.182512
17.180206
18.848803
16.697588
20.063988
20.62786
20.746117
18.533571
21.22968
23.138943
22.04401
18.805437
21.999805
20.089579
17.497084
21.68607
20.90011
21.230806
21.60644
24.079557
18.21546
18.855253
20.70451
19.860884
19.059877
18.744877
17.476185
