-0.37473875 0.011491692 -0.38623047
-0.34591785 0.022246236 -0.36816406
-0.31698337 0.043368217 -0.36035156
-0.27838835 0.05510772 -0.3334961
-0.3889048 0.012950656 -0.40185547
-0.3654326 0.019821327 -0.3852539
-0.3387361 0.01722094 -0.35595703
-0.42694703 0.022760015 -0.44970703
-0.2866544 0.033169832 -0.31982422
-0.30958226 0.02928493 -0.3388672
-0.31733268 0.020557944 -0.33789062
-0.2898812 0.0431266 -0.3330078
-0.31061682 0.038992546 -0.34960938
-0.32660446 0.050836943 -0.3774414
-0.3224452 0.030582124 -0.35302734
-0.23981719 0.06194062 -0.3017578
-0.2903238 0.0558676 -0.3461914
-0.24968202 0.051587533 -0.30126953
-0.24586761 0.045636274 -0.2915039
-0.31984442 0.032206357 -0.35205078
-0.31333748 0.036271937 -0.34960938
-0.3158638 0.048394024 -0.3642578
-0.23156269 0.06189435 -0.29345703
-0.3273183 0.033521533 -0.36083984
-0.27879542 0.035169423 -0.31396484
-0.25254253 0.056051243 -0.30859375
-0.25982815 0.041929632 -0.3017578
-0.30929536 0.03933747 -0.3486328
-0.263943 0.060764052 -0.32470703
-0.30075803 0.034691185 -0.33544922
-0.24947138 0.04496221 -0.2944336
-0.26048496 0.06324553 -0.32373047
-0.19837818 0.07017652 -0.2685547
-0.22603777 0.08011459 -0.30615234
-0.19895124 0.07350969 -0.27246094
-0.21040228 0.061082095 -0.27148438
-0.21487097 0.070285276 -0.28515625
-0.25280708 0.050415568 -0.30322266
-0.24462517 0.06103891 -0.30566406
-0.23196122 0.048312217 -0.28027344
-0.25129488 0.07878325 -0.33007812
-0.23657806 0.06566803 -0.3022461
-0.22500329 0.047457658 -0.27246094
-0.24077058 0.061963785 -0.30273438
-0.28311202 0.07382155 -0.3569336
-0.29119593 0.052554063 -0.34375
-0.29108635 0.059011318 -0.35009766
-0.26791057 0.054355033 -0.32226562
-0.2593163 0.055136822 -0.31445312
-0.07996991 0.030381653 -0.11035156
-0.24201894 0.032395132 -0.27441406
-0.20870073 0.031045374 -0.2397461
-0.18649521 0.062528215 -0.24902344
-0.2443507 0.059848525 -0.30419922
-0.31647938 0.054126076 -0.37060547
-0.25392967 0.06931253 -0.3232422
-0.24295692 0.063195415 -0.30615234
-0.1733228 0.08595453 -0.25927734
-0.14679082 0.09881465 -0.24560547
-0.13099302 0.10826479 -0.23925781
-0.124063924 0.09370951 -0.21777344
-0.11970997 0.10148144 -0.2211914
-0.06689536 0.113280416 -0.18017578
-0.20007321 0.084594764 -0.28466797
-0.18260871 0.08448113 -0.26708984
-0.16637091 0.0968127 -0.2631836
-0.16408524 0.07566085 -0.2397461
-0.17549339 0.08085427 -0.25634766
-0.10285564 0.10466389 -0.20751953
-0.21934333 0.08290277 -0.3022461
-0.21258394 0.081361376 -0.2939453
-0.2325058 0.07266997 -0.30517578
-0.11618485 0.09963545 -0.21582031
-0.14246866 0.10411338 -0.24658203
-0.1819224 0.07393696 -0.25585938
-0.20306072 0.10113849 -0.30419922
-0.25400713 0.07265303 -0.32666016
-0.15384093 0.0927411 -0.24658203
-0.14206856 0.099630654 -0.24169922
-0.1903736 0.11187248 -0.3022461
-0.1260388 0.09808229 -0.2241211
-0.17109127 0.10527593 -0.2763672
-0.12659447 0.11559303 -0.2421875
-0.11735423 0.11946218 -0.2368164
-0.0859621 0.13132305 -0.21728516
-0.11473658 0.13477513 -0.24951172
-0.0046672532 0.15402415 -0.1586914
-0.15001376 0.12049405 -0.2705078
-0.041013166 0.14843997 -0.18945312
-0.07480563 0.10781155 -0.18261719
-0.06724897 0.12073932 -0.18798828
-0.08721244 0.12226021 -0.20947266
-0.13291642 0.114153884 -0.24707031
-0.16382018 0.11450012 -0.2783203
-0.07719972 0.13324949 -0.21044922
-0.11556071 0.12711507 -0.24267578
-0.10345687 0.1187111 -0.22216797
-0.08252748 0.14012876 -0.22265625
-0.14398786 0.121148825 -0.26513672
-0.066007234 0.1415123 -0.20751953
-0.1538188 0.116689004 -0.2705078
0.013785204 0.1729649 -0.15917969
-0.017070254 0.15919927 -0.17626953
-0.063658975 0.12335274 -0.18701172
0.013399522 0.17160264 -0.15820312
-0.04632531 0.15240516 -0.19873047
-0.040470634 0.1646075 -0.20507812
0.0326997 0.17967236 -0.14697266
0.057571333 0.18501274 -0.1274414
-0.053083003 0.1578545 -0.2109375
-0.03762982 0.14742877 -0.1850586
-0.026602332 0.15259688 -0.17919922
-0.031770818 0.16207683 -0.19384766
0.011040153 0.16680188 -0.15576172
-0.014220813 0.14788856 -0.16210938
-0.041018654 0.14355166 -0.18457031
-0.006565541 0.16628602 -0.17285156
0.011805782 0.14217687 -0.1303711
0.031204104 0.18452442 -0.15332031
0.017695617 0.17687532 -0.15917969
0.060932256 0.18886194 -0.12792969
-0.059048485 0.14651792 -0.2055664
-0.04787232 0.15183471 -0.19970703
0.015135825 0.17822175 -0.16308594
-0.019585488 0.1630317 -0.18261719
0.04397086 0.17385367 -0.12988281
-0.024807883 0.1709929 -0.19580078
0.016696818 0.1734351 -0.15673828
0.006496188 0.18032432 -0.17382812
0.052065868 0.19317916 -0.14111328
0.034912292 0.1911623 -0.15625
0.056428183 0.18875238 -0.13232422
-0.0013486966 0.1705263 -0.171875
0.0039122375 0.17529896 -0.17138672
-0.03857278 0.16113424 -0.19970703
-0.08446016 0.13819608 -0.22265625
0.038302023 0.17697391 -0.13867188
0.067014 0.19592026 -0.12890625
0.075611696 0.1898695 -0.11425781
0.045944203 0.19535826 -0.14941406
0.111162916 0.20588946 -0.09472656
0.10110982 0.21146135 -0.11035156
0.066508844 0.2002979 -0.13378906
0.056347918 0.20917995 -0.15283203
0.031154353 0.19961138 -0.16845703
-0.025856132 0.17531575 -0.20117188
0.043299366 0.19564311 -0.15234375
-0.0032483116 0.17936888 -0.18261719
0.059276212 0.18671763 -0.1274414
-0.07326312 0.16111189 -0.234375
0.014512872 0.19810662 -0.18359375
-0.016716091 0.15418234 -0.17089844
-0.023526508 0.16202037 -0.18554688
-0.020116063 0.15468863 -0.17480469
-0.04226192 0.17453495 -0.21679688
0.0056755394 0.17901538 -0.17333984
0.0030181506 0.16952206 -0.1665039
0.01604246 0.18303466 -0.16699219
0.10174718 0.20379797 -0.10205078
0.030354043 0.18123296 -0.1508789
0.08373024 0.20628884 -0.122558594
0.07307018 0.2058827 -0.1328125
0.04395114 0.18604098 -0.14208984
0.02158967 0.18076935 -0.15917969
0.042113334 0.18908599 -0.14697266
-0.0027866513 0.17445944 -0.1772461
-0.0030588545 0.15319113 -0.15625
0.04893247 0.18662778 -0.13769531
0.018439127 0.18347819 -0.16503906
-0.018789291 0.17212868 -0.19091797
0.018368732 0.14825156 -0.12988281
-9.3990566e-05 0.19717163 -0.19726562
0.050751843 0.18405263 -0.13330078
0.023745002 0.18487781 -0.16113281
0.04558103 0.18669432 -0.14111328
-0.032626342 0.16268617 -0.1953125
0.087246515 0.21712932 -0.12988281
0.07394757 0.2106663 -0.13671875
0.008764401 0.1860105 -0.1772461
0.011971812 0.1814054 -0.1694336
0.041151166 0.21107304 -0.16992188
-0.024607006 0.17607658 -0.2006836
0.025167933 0.19411322 -0.16894531
0.041702073 0.19551066 -0.1538086
0.037721403 0.19104172 -0.15332031
0.051994324 0.18529512 -0.13330078
0.043036614 0.19147411 -0.1484375
0.09619187 0.2182622 -0.12207031
0.050378453 0.20223394 -0.15185547
0.08785071 0.21724525 -0.12939453
0.053966474 0.20142742 -0.14746094
0.07275126 0.20654032 -0.13378906
0.026534354 0.2052453 -0.17871094
0.06490594 0.20553093 -0.140625
-0.020671308 0.1770826 -0.1977539
0.029659396 0.17663206 -0.14697266
-0.011907831 0.15850231 -0.17041016
-0.014002348 0.1539664 -0.16796875
0.08988233 0.22220656 -0.13232422
0.02450413 0.20028539 -0.17578125
0.045268394 0.18882307 -0.14355469
0.1355633 0.23321955 -0.09765625
0.036929034 0.19757357 -0.16064453
0.0696817 0.20054106 -0.13085938
0.09777293 0.21203074 -0.11425781
0.10036596 0.206323 -0.10595703
0.15197644 0.24328502 -0.091308594
0.05535779 0.15545544 -0.100097656
0.07500174 0.2063494 -0.13134766
0.040282264 0.18334867 -0.1430664
0.08909635 0.22288541 -0.13378906
0.04779411 0.20306754 -0.15527344
0.1403465 0.23165509 -0.091308594
0.05779869 0.2160018 -0.15820312
0.056756485 0.20714712 -0.15039062
0.033438995 0.189689 -0.15625
0.08656042 0.19691198 -0.11035156
0.06313523 0.20620164 -0.1430664
0.05885139 0.20582405 -0.14697266
0.11431827 0.23736516 -0.123046875
0.10614119 0.22137555 -0.115234375
0.14677632 0.22831932 -0.08154297
0.12723559 0.23416917 -0.106933594
0.15256746 0.24387605 -0.091308594
0.14740682 0.2523873 -0.10498047
0.14763145 0.2374752 -0.08984375
0.084510416 0.21146354 -0.12695312
0.09797882 0.21907258 -0.12109375
0.14691083 0.23675458 -0.08984375
-0.01330998 0.16979548 -0.18310547
0.13115332 0.2351572 -0.104003906
0.03510678 0.18061459 -0.14550781
0.1149621 0.234591 -0.119628906
0.05167634 0.198649 -0.14697266
0.03319494 0.19969885 -0.1665039
0.11544607 0.22482106 -0.109375
0.1266087 0.23012432 -0.103515625
0.12047849 0.23766598 -0.1171875
0.10643089 0.24070823 -0.13427734
0.0002615258 0.17311308 -0.17285156
0.09689514 0.2238483 -0.12695312
0.080787934 0.20090511 -0.12011719
0.040196538 0.21353638 -0.17333984
0.054698747 0.20215969 -0.14746094
0.06416299 0.21406534 -0.14990234
0.13671827 0.24218702 -0.10546875
0.1897346 0.2605354 -0.07080078
0.19733693 0.27741504 -0.080078125
0.051251538 0.19480622 -0.14355469
0.07467593 0.20992985 -0.1352539
0.18792668 0.2601923 -0.072265625
0.064853355 0.2147557 -0.14990234
0.17711148 0.2591427 -0.08203125
0.116542175 0.24496014 -0.12841797
0.12960145 0.22969909 -0.100097656
0.16450989 0.25240055 -0.087890625
0.14963663 0.24045694 -0.09082031
0.1044178 0.2303944 -0.12597656
0.14553607 0.24758685 -0.10205078
0.19587708 0.27644345 -0.080566406
0.123273656 0.23509006 -0.111816406
0.1781814 0.25484157 -0.076660156
0.16141374 0.26004654 -0.09863281
0.17125012 0.26158214 -0.09033203
0.15854926 0.26792428 -0.109375
0.2166832 0.27869493 -0.06201172
0.18063535 0.26413146 -0.083496094
0.23074241 0.29128927 -0.060546875
0.12513772 0.22865334 -0.103515625
0.16028103 0.25305444 -0.09277344
0.15421641 0.24406013 -0.08984375
0.21000496 0.28080574 -0.07080078
0.13360411 0.23809628 -0.10449219
0.09216073 0.22741465 -0.1352539
0.09302276 0.20679231 -0.11376953
0.21747513 0.2824165 -0.064941406
0.15774696 0.2427079 -0.08496094
0.09232993 0.22172447 -0.12939453
0.13575599 0.23048255 -0.09472656
0.162776 0.2589674 -0.096191406
0.13498428 0.259496 -0.12451172
0.2020045 0.2830592 -0.08105469
0.14695708 0.24412505 -0.09716797
0.21745653 0.29167527 -0.07421875
0.08378469 0.21366751 -0.12988281
0.21431533 0.2748622 -0.060546875
0.11306512 0.23367059 -0.12060547
0.1751957 0.26503944 -0.08984375
0.17187221 0.2680636 -0.096191406
0.14787307 0.25187698 -0.104003906
0.21521518 0.27673864 -0.061523438
0.20429471 0.27167752 -0.06738281
0.17775121 0.2636887 -0.0859375
0.092468135 0.2306517 -0.1381836
0.12979373 0.24161014 -0.111816406
0.18933304 0.26745802 -0.078125
0.22787666 0.28451726 -0.056640625
0.14209403 0.2578167 -0.115722656
0.18996656 0.27102122 -0.08105469
0.19761065 0.269388 -0.071777344
0.21588 0.27007923 -0.05419922
0.19492245 0.2769537 -0.08203125
0.16497785 0.26556382 -0.10058594
0.11105027 0.2380034 -0.12695312
0.23061486 0.29360312 -0.06298828
0.18161887 0.2509548 -0.06933594
0.18180835 0.26725757 -0.08544922
0.17887415 0.26432332 -0.08544922
0.19404995 0.26973358 -0.075683594
0.20604387 0.2807509 -0.07470703
0.18390612 0.26691395 -0.08300781
0.19365706 0.25811017 -0.064453125
0.22029015 0.27790737 -0.057617188
0.15074174 0.24449177 -0.09375
0.22285053 0.28730366 -0.064453125
0.19511597 0.27665895 -0.08154297
0.20726109 0.27952668 -0.072265625
0.17165822 0.24783011 -0.076171875
0.19780901 0.27739885 -0.079589844
0.20745072 0.286064 -0.07861328
0.18235287 0.28147396 -0.099121094
0.21882448 0.2808362 -0.06201172
0.19206405 0.27507183 -0.08300781
0.20625488 0.26436037 -0.05810547
0.16335475 0.24245632 -0.07910156
0.16371855 0.23891386 -0.07519531
0.22579925 0.28927583 -0.06347656
0.17549731 0.25411063 -0.07861328
0.18472365 0.26187208 -0.07714844
0.14223532 0.2603994 -0.11816406
0.16973677 0.24737349 -0.07763672
0.18931694 0.27427787 -0.08496094
0.18025956 0.26668534 -0.08642578
0.18240051 0.26980287 -0.087402344
0.24033618 0.29355884 -0.053222656
0.1672869 0.25468928 -0.087402344
0.17545003 0.26285237 -0.087402344
0.17164735 0.26002628 -0.088378906
0.16832833 0.2630549 -0.09472656
0.1340034 0.23996043 -0.10595703
0.20367081 0.27300677 -0.06933594
0.13690057 0.24725215 -0.11035156
0.18489921 0.2708367 -0.0859375
0.19823597 0.2836852 -0.08544922
0.19743016 0.27311376 -0.075683594
0.20669408 0.28042454 -0.07373047
0.19751999 0.2800395 -0.08251953
0.21763737 0.25865299 -0.041015625
0.17266265 0.25811186 -0.08544922
0.08794412 0.20757301 -0.119628906
0.1485385 0.24961272 -0.10107422
0.1408664 0.232175 -0.091308594
0.16748473 0.26807067 -0.10058594
0.16220811 0.26865342 -0.10644531
0.14693995 0.24850245 -0.1015625
0.19812694 0.2699043 -0.071777344
0.20203237 0.258673 -0.056640625
0.20786157 0.26499048 -0.057128906
0.21493027 0.27205914 -0.057128906
0.21310529 0.29318345 -0.080078125
0.076375715 0.21407104 -0.13769531
0.15920435 0.25197777 -0.09277344
0.1675492 0.25788122 -0.09033203
0.18285012 0.26829937 -0.08544922
0.1942353 0.26698917 -0.072753906
0.20673649 0.27265447 -0.06591797
0.19244236 0.27886814 -0.08642578
0.21322747 0.27328604 -0.060058594
0.15351556 0.2560546 -0.10253906
0.22064829 0.27289438 -0.052246094
0.22744568 0.29824647 -0.07080078
0.17336772 0.27200055 -0.09863281
0.19424962 0.2709098 -0.076660156
0.19773151 0.27097368 -0.07324219
0.17441575 0.2623064 -0.087890625
0.2149735 0.27405554 -0.05908203
0.2215478 0.29186025 -0.0703125
0.20848915 0.2836845 -0.07519531
0.23289518 0.300278 -0.06738281
0.14921115 0.2517502 -0.10253906
0.2141095 0.28491026 -0.07080078
0.22573566 0.28872392 -0.06298828
0.16525862 0.27219218 -0.106933594
0.20520394 0.2637977 -0.05859375
0.1896342 0.2775248 -0.087890625
0.14258538 0.24463615 -0.10205078
0.19865236 0.26945314 -0.07080078
0.22779806 0.29957542 -0.071777344
0.18247294 0.27378154 -0.091308594
0.2063159 0.28639397 -0.080078125
0.21105845 0.29016 -0.07910156
0.16317584 0.26717973 -0.104003906
0.19942875 0.27022952 -0.07080078
0.22636926 0.2878927 -0.061523438
0.18379888 0.25899416 -0.07519531
0.13566652 0.23820558 -0.10253906
0.12486199 0.23472527 -0.10986328
0.1720755 0.25410673 -0.08203125
0.18437561 0.26347718 -0.07910156
0.12387073 0.2434996 -0.119628906
0.14937866 0.23775753 -0.088378906
0.19676004 0.26218972 -0.06542969
0.17993565 0.26099032 -0.08105469
0.19585769 0.26665848 -0.07080078
0.18249509 0.2596435 -0.07714844
0.17938854 0.27167374 -0.092285156
0.12535064 0.21714751 -0.091796875
0.22800617 0.27243978 -0.044433594
0.17480898 0.25635195 -0.08154297
0.1394736 0.23468845 -0.095214844
0.207474 0.27534506 -0.067871094
0.16027376 0.25792998 -0.09765625
0.15033044 0.25433436 -0.104003906
0.21224818 0.27963096 -0.06738281
0.154797 0.25782433 -0.103027344
0.16755465 0.24860935 -0.08105469
0.18721426 0.25703844 -0.06982422
0.1698771 0.25190836 -0.08203125
0.20282869 0.29609042 -0.09326172
0.17514552 0.25375882 -0.07861328
0.23842032 0.28871328 -0.05029297
0.21583685 0.27394232 -0.05810547
0.11857835 0.23283617 -0.11425781
0.1727206 0.26012295 -0.087402344
0.18652052 0.26904002 -0.08251953
0.1813405 0.26288348 -0.08154297
0.17843959 0.2565646 -0.078125
0.248261 0.29708913 -0.048828125
0.23366043 0.2951839 -0.061523438
0.1480743 0.24621883 -0.09814453
0.18858634 0.2618285 -0.07324219
0.21678147 0.28318772 -0.06640625
0.20024133 0.28080773 -0.080566406
0.15293995 0.24131885 -0.088378906
0.23299941 0.3008705 -0.067871094
0.19651072 0.27365917 -0.07714844
0.21481399 0.26901323 -0.05419922
0.23107395 0.3052927 -0.07421875
0.18704668 0.27786702 -0.09082031
0.20016003 0.28316784 -0.08300781
0.22789156 0.29039156 -0.0625
0.22245975 0.29081908 -0.068359375
0.1946126 0.26346025 -0.068847656
0.2036351 0.279807 -0.076171875
0.1960635 0.2717471 -0.075683594
0.15151799 0.26626408 -0.114746094
0.21761799 0.2825594 -0.064941406
0.21671823 0.28703073 -0.0703125
0.1974198 0.2804276 -0.08300781
0.108663455 0.23610488 -0.1274414
0.2424541 0.303001 -0.060546875
0.16381565 0.26684296 -0.103027344
0.17913404 0.2582356 -0.07910156
0.22235064 0.29217488 -0.06982422
0.19985957 0.27310175 -0.07324219
0.16701168 0.27687496 -0.10986328
0.14834431 0.25088337 -0.10253906
0.2257061 0.30041313 -0.07470703
0.23586221 0.29250282 -0.056640625
0.18924418 0.26346293 -0.07421875
0.18837252 0.26845065 -0.080078125
0.20165424 0.2783144 -0.076660156
0.13751829 0.26544797 -0.12792969
0.16805744 0.25643635 -0.088378906
0.21712545 0.28939107 -0.072265625
0.14563659 0.25403506 -0.10839844
0.15649466 0.2551275 -0.09863281
0.15178888 0.25481623 -0.103027344
0.17174575 0.25573012 -0.083984375
0.17192 0.26908797 -0.09716797
0.184099 0.27198964 -0.087890625
0.21000907 0.27348563 -0.06347656
0.21879824 0.27641544 -0.057617188
0.17470157 0.26356873 -0.08886719
0.18795303 0.26607805 -0.078125
0.17414622 0.2737556 -0.099609375
0.15779619 0.24324541 -0.08544922
0.2000343 0.27278823 -0.072753906
0.182712 0.2666964 -0.083984375
0.23629136 0.29830307 -0.06201172
0.1998185 0.2784318 -0.07861328
0.22231308 0.28090683 -0.05859375
0.12687169 0.24259433 -0.115722656
0.23558772 0.28881037 -0.053222656
0.20374393 0.27112675 -0.06738281
0.16852239 0.26422554 -0.095703125
0.112486124 0.21160722 -0.099121094
0.17083117 0.2670226 -0.096191406
0.1951324 0.2786285 -0.083496094
0.17729235 0.27201888 -0.09472656
0.21632469 0.27735984 -0.061035156
0.15055397 0.23551491 -0.08496094
0.18303472 0.2509058 -0.067871094
0.14185041 0.25024885 -0.10839844
0.22058718 0.28845826 -0.067871094
0.22480038 0.27753475 -0.052734375
0.22742097 0.27966708 -0.052246094
0.20774522 0.2863585 -0.07861328
0.18262498 0.25879687 -0.076171875
0.18814582 0.26724738 -0.07910156
0.19568424 0.27673894 -0.08105469
0.16317801 0.2657171 -0.10253906
0.16405556 0.25878212 -0.09472656
0.14346987 0.24307923 -0.099609375
0.1999646 0.28101927 -0.08105469
0.19671133 0.26897696 -0.072265625
0.1711649 0.254661 -0.083496094
0.23261507 0.30390412 -0.07128906
0.20519301 0.28429455 -0.07910156
0.18023442 0.24517581 -0.064941406
0.2139875 0.29064766 -0.076660156
0.22278099 0.29162866 -0.068847656
0.16310473 0.26710862 -0.104003906
0.19229895 0.27628332 -0.083984375
0.190564 0.2818726 -0.091308594
0.15585636 0.25986028 -0.104003906
0.15923879 0.2632427 -0.104003906
0.1639857 0.24894664 -0.08496094
0.2392685 0.29590917 -0.056640625
0.2109344 0.27782893 -0.06689453
0.12814161 0.25118852 -0.123046875
0.23453787 0.28824878 -0.053710938
0.20433941 0.28197613 -0.07763672
0.2350448 0.2951034 -0.060058594
0.2197978 0.289622 -0.06982422
0.16847031 0.26222032 -0.09375
0.20124845 0.28327972 -0.08203125
0.21751693 0.29173568 -0.07421875
0.21996498 0.29906654 -0.07910156
0.21439359 0.28910065 -0.07470703
0.23128302 0.27962288 -0.048339844
0.26807442 0.30860177 -0.040527344
0.20352423 0.29483283 -0.091308594
0.2089152 0.29241127 -0.083496094
0.20551601 0.28022304 -0.07470703
0.20209488 0.278755 -0.076660156
0.14049418 0.2591465 -0.118652344
0.18759394 0.27548453 -0.087890625
0.26009187 0.30257234 -0.04248047
0.12736303 0.23820288 -0.110839844
0.20140295 0.27903968 -0.07763672
0.20660312 0.2744742 -0.067871094
0.20039976 0.27071226 -0.0703125
0.16415663 0.27597302 -0.111816406
0.16776271 0.26297757 -0.095214844
0.2300343 0.2847218 -0.0546875
0.15559542 0.24983373 -0.09423828
0.12330729 0.21217446 -0.08886719
0.22328591 0.2784617 -0.05517578
0.23676173 0.29877347 -0.06201172
0.14433563 0.24199188 -0.09765625
0.21321157 0.2825475 -0.06933594
0.19752878 0.27418894 -0.076660156
0.21068497 0.2717201 -0.061035156
0.23104501 0.29452157 -0.06347656
0.18708801 0.27204895 -0.08496094
0.21849103 0.26536602 -0.046875
0.23311758 0.28585196 -0.052734375
0.19703095 0.28248018 -0.08544922
0.1837734 0.26922262 -0.08544922
0.19396403 0.27013588 -0.076171875
0.21492848 0.27791676 -0.06298828
0.24811408 0.29645395 -0.048339844
0.19393745 0.27157417 -0.07763672
0.18059517 0.26555613 -0.08496094
0.22611973 0.2842252 -0.05810547
0.25013208 0.2989602 -0.048828125
0.2068382 0.27763897 -0.07080078
0.15473966 0.25093108 -0.096191406
0.22048688 0.28347516 -0.06298828
0.2326984 0.30056947 -0.067871094
0.2023693 0.28635365 -0.083984375
0.22150159 0.2859547 -0.064453125
0.22433653 0.28439513 -0.060058594
0.21514401 0.27862057 -0.06347656
0.1986107 0.26989973 -0.07128906
0.23888096 0.29698646 -0.05810547
0.2527761 0.30013937 -0.04736328
0.23038988 0.2894719 -0.05908203
0.18672669 0.28438294 -0.09765625
0.16870716 0.2595275 -0.09082031
0.21821766 0.27388173 -0.055664062
0.19770892 0.27290422 -0.07519531
0.23166573 0.28879467 -0.057128906
0.22068596 0.28074455 -0.060058594
0.2097185 0.29419118 -0.084472656
0.09869463 0.20660476 -0.107910156
0.24954708 0.29691035 -0.04736328
0.23628664 0.292439 -0.056152344
0.19537863 0.25983176 -0.064453125
0.23146316 0.28956863 -0.05810547
0.17676832 0.26612377 -0.08935547
0.16033065 0.2657994 -0.10546875
0.15920202 0.2490458 -0.08984375
0.2067601 0.29855698 -0.091796875
0.17362377 0.28055736 -0.106933594
0.16772231 0.2614723 -0.09375
0.21254113 0.288713 -0.076171875
0.1786241 0.25772566 -0.07910156
0.14427249 0.23558107 -0.091308594
0.13251767 0.24579892 -0.11328125
0.14280841 0.25413653 -0.111328125
0.23571 0.29137406 -0.055664062
0.2141624 0.28593975 -0.071777344
0.20666496 0.27209467 -0.06542969
0.1763391 0.2696008 -0.09326172
0.17013375 0.2550947 -0.08496094
0.16610086 0.25203836 -0.0859375
0.14498715 0.25485045 -0.10986328
0.22406045 0.28118935 -0.057128906
0.16219544 0.24520326 -0.08300781
0.21486226 0.28761616 -0.072753906
0.20337267 0.27563828 -0.072265625
0.19182761 0.2748354 -0.08300781
0.23098116 0.28078583 -0.049804688
0.19642165 0.2755232 -0.07910156
0.16569516 0.25993347 -0.09423828
0.20103076 0.26890185 -0.067871094
0.2007112 0.2812776 -0.080566406
0.15627421 0.24221167 -0.0859375
0.19309863 0.26634082 -0.07324219
0.1985585 0.27473035 -0.076171875
0.2147773 0.28411326 -0.06933594
0.21893962 0.2946232 -0.075683594
0.2010633 0.269911 -0.068847656
0.11498066 0.2258205 -0.110839844
0.18770388 0.28096557 -0.09326172
0.22232041 0.28823838 -0.06591797
0.1434135 0.27524942 -0.13183594
0.22778197 0.29077023 -0.06298828
0.16047493 0.26252568 -0.10205078
0.12656553 0.25058895 -0.12402344
0.18387136 0.2585784 -0.07470703
0.1637316 0.24527457 -0.08154297
0.19597338 0.27263352 -0.076660156
0.19797683 0.28342608 -0.08544922
0.21481872 0.2724359 -0.057617188
0.2011495 0.27780968 -0.076660156
0.15793099 0.2648646 -0.106933594
0.20620099 0.2789549 -0.072753906
0.18143113 0.2654155 -0.083984375
0.17079853 0.25038832 -0.079589844
0.20467058 0.27547136 -0.07080078
0.21342683 0.2817862 -0.068359375
0.2291408 0.2818752 -0.052734375
0.20925856 0.2605281 -0.05126953
0.19713119 0.27232647 -0.07519531
0.22225662 0.29159254 -0.06933594
0.19223192 0.27426317 -0.08203125
0.23647289 0.30336747 -0.06689453
0.21081766 0.2801536 -0.06933594
0.21685612 0.28961006 -0.072753906
0.25341606 0.30517387 -0.051757812
0.23543017 0.29548877 -0.060058594
0.23084536 0.29139224 -0.060546875
0.22660431 0.2788504 -0.052246094
0.19445048 0.28087628 -0.08642578
0.22674222 0.29021877 -0.06347656
0.21242449 0.27980727 -0.06738281
0.24259377 0.2992344 -0.056640625
0.18517649 0.26525462 -0.080078125
0.23407654 0.28876406 -0.0546875
0.23698966 0.30534905 -0.068359375
0.21753764 0.29322124 -0.075683594
0.21192312 0.27491137 -0.06298828
0.18624823 0.27511543 -0.08886719
0.22621019 0.28578052 -0.059570312
0.29383537 0.334851 -0.041015625
0.22671752 0.29458863 -0.067871094
0.22765455 0.28722486 -0.059570312
0.20157318 0.27823335 -0.076660156
0.20605704 0.29248282 -0.08642578
0.25490513 0.30422154 -0.049316406
0.26515216 0.3159334 -0.05078125
0.21842094 0.29312795 -0.07470703
0.220663 0.29341692 -0.072753906
0.2492707 0.2985871 -0.049316406
0.17491576 0.25450557 -0.079589844
0.21866827 0.28653938 -0.067871094
0.22633393 0.29908782 -0.072753906
0.21684723 0.29301912 -0.076171875
0.20196608 0.26007155 -0.05810547
0.21978366 0.2817954 -0.06201172
0.23939367 0.3038468 -0.064453125
0.23939197 0.29114977 -0.051757812
0.23865709 0.28992662 -0.05126953
0.23111093 0.30386484 -0.072753906
0.18031543 0.26576465 -0.08544922
0.19592106 0.28234684 -0.08642578
0.23352237 0.29358095 -0.060058594
0.2698621 0.3118543 -0.041992188
0.20263469 0.2880839 -0.08544922
0.22992754 0.29486895 -0.064941406
0.19533773 0.27883384 -0.083496094
0.2834753 0.3279089 -0.044433594
0.20856848 0.28718176 -0.07861328
0.22916389 0.29264042 -0.06347656
0.23295915 0.29594746 -0.06298828
0.18376394 0.27653736 -0.09277344
0.23044765 0.30222502 -0.071777344
0.17410344 0.26980656 -0.095703125
0.21338299 0.2856486 -0.072265625
0.20677266 0.2809914 -0.07421875
0.26462585 0.31736022 -0.052734375
0.1901907 0.27319854 -0.08300781
0.20164844 0.28465626 -0.08300781
0.22753792 0.30273324 -0.07519531
0.18454756 0.27683273 -0.092285156
0.23592135 0.29500338 -0.05908203
0.21269102 0.26542538 -0.052734375
0.22708559 0.28030828 -0.053222656
0.21720412 0.2831221 -0.06591797
0.20883782 0.27719718 -0.068359375
0.20731202 0.2859253 -0.07861328
0.20124829 0.2818147 -0.080566406
0.2198462 0.28918213 -0.06933594
0.21064241 0.28437287 -0.07373047
0.19484136 0.27150154 -0.076660156
0.16267875 0.2613116 -0.09863281
0.19564608 0.28353673 -0.087890625
0.18800054 0.2724732 -0.084472656
0.19707108 0.26445392 -0.06738281
0.20373733 0.29699904 -0.09326172
0.2240591 0.29388332 -0.06982422
0.21318178 0.2727521 -0.059570312
0.20460033 0.26954174 -0.064941406
0.24053457 0.28692126 -0.04638672
0.18496998 0.26163015 -0.076660156
0.14662659 0.26527897 -0.118652344
0.1512956 0.26506513 -0.11376953
0.27112263 0.32092732 -0.049804688
0.20417044 0.28229547 -0.078125
0.27376682 0.31673557 -0.04296875
0.20432219 0.28635347 -0.08203125
0.23609295 0.28345624 -0.04736328
0.18214144 0.2695438 -0.087402344
0.23193014 0.29638326 -0.064453125
0.19152464 0.26281372 -0.07128906
0.19040248 0.27194542 -0.08154297
0.21638711 0.2759574 -0.059570312
0.23446319 0.28719756 -0.052734375
0.26921746 0.3175573 -0.048339844
0.1857895 0.26830903 -0.08251953
0.21250907 0.2950286 -0.08251953
0.19864252 0.26407218 -0.06542969
0.22600141 0.28801316 -0.06201172
0.23585515 0.30616766 -0.0703125
0.23139986 0.29438815 -0.06298828
0.23867936 0.29287857 -0.05419922
0.22116657 0.28122517 -0.060058594
0.18611296 0.26912078 -0.08300781
0.2429506 0.29959124 -0.056640625
0.18632865 0.27373102 -0.087402344
0.21911025 0.29674697 -0.07763672
0.21717396 0.29529896 -0.078125
0.2116688 0.28246957 -0.07080078
0.28113526 0.3270337 -0.045898438
0.24300292 0.28987795 -0.046875
0.23624286 0.29923114 -0.06298828
0.24261591 0.30853388 -0.06591797
0.19175127 0.29184893 -0.100097656
0.19848485 0.2829575 -0.084472656
0.2440077 0.30308974 -0.05908203
0.19184692 0.28608522 -0.09423828
0.21043387 0.27342215 -0.06298828
0.22495952 0.29185405 -0.06689453
0.2769851 0.3165359 -0.03955078
0.2148437 0.2797851 -0.064941406
0.16222358 0.27306345 -0.110839844
0.18434298 0.28102264 -0.09667969
0.26621723 0.31846333 -0.052246094
0.2432526 0.2984284 -0.05517578
0.25255793 0.31505793 -0.0625
0.2503317 0.30892545 -0.05859375
0.21420851 0.2825679 -0.068359375
0.24113722 0.29582474 -0.0546875
0.23021026 0.2961282 -0.06591797
0.23219776 0.29274464 -0.060546875
0.26822877 0.3146155 -0.04638672
0.26946244 0.31584916 -0.04638672
0.22288561 0.2907567 -0.067871094
0.22353561 0.29287153 -0.06933594
0.2285125 0.28905937 -0.060546875
0.16203654 0.2723881 -0.11035156
0.19354574 0.27362388 -0.080078125
0.21630731 0.2802722 -0.063964844
0.2528696 0.30706882 -0.05419922
0.23265676 0.28880912 -0.056152344
0.24124093 0.2939753 -0.052734375
0.23515844 0.28642797 -0.05126953
0.17898342 0.2619912 -0.08300781
0.19994423 0.28344032 -0.083496094
0.22810021 0.295483 -0.06738281
0.21918471 0.30170423 -0.08251953
0.19659662 0.2742333 -0.07763672
0.24156292 0.30015665 -0.05859375
0.238094 0.29668775 -0.05859375
0.2320981 0.28873873 -0.056640625
0.2565023 0.3082601 -0.051757812
0.2302964 0.30890965 -0.07861328
0.20045944 0.29567426 -0.095214844
0.22557239 0.28709584 -0.061523438
0.25675336 0.30851117 -0.051757812
0.20969634 0.28586823 -0.076171875
0.23536925 0.30568177 -0.0703125
0.24678811 0.30391702 -0.057128906
0.22901575 0.29884 -0.06982422
0.2705282 0.3193563 -0.048828125
0.2713495 0.32799014 -0.056640625
0.1914915 0.27596417 -0.084472656
0.24234411 0.29898474 -0.056640625
0.24518745 0.29694527 -0.051757812
0.1830461 0.2689836 -0.0859375
0.22663555 0.29499492 -0.068359375
0.22007985 0.28453296 -0.064453125
0.23216578 0.305408 -0.07324219
0.27923352 0.3241554 -0.044921875
0.25537473 0.3110388 -0.055664062
0.22044167 0.3005198 -0.080078125
0.23781785 0.29982957 -0.06201172
0.2067806 0.27025717 -0.06347656
0.19472155 0.268452 -0.07373047
0.21667793 0.287967 -0.07128906
0.21284242 0.27631897 -0.06347656
0.24550895 0.3075207 -0.06201172
0.23952393 0.30007082 -0.060546875
0.23233065 0.29531893 -0.06298828
0.14368954 0.22620904 -0.08251953
0.23313761 0.28587198 -0.052734375
0.20361014 0.2773406 -0.07373047
0.20210263 0.27973935 -0.07763672
0.24293557 0.30152932 -0.05859375
0.21469016 0.27474874 -0.060058594
0.22479877 0.30048236 -0.075683594
0.26956543 0.32132325 -0.051757812
0.21819738 0.28558022 -0.06738281
0.23193565 0.2934591 -0.061523438
0.23612097 0.3015507 -0.06542969
0.23797746 0.30194232 -0.063964844
0.24801 0.3051389 -0.057128906
0.24026056 0.2915301 -0.05126953
0.21814105 0.29040667 -0.072265625
0.20771226 0.27753648 -0.06982422
0.12581348 0.20393848 -0.078125
0.21536005 0.28469598 -0.06933594
0.21990505 0.289241 -0.06933594
0.23466487 0.29911798 -0.064453125
0.2397948 0.3071776 -0.06738281
0.20394668 0.28793105 -0.083984375
0.1713817 0.2563426 -0.08496094
0.26080662 0.30621678 -0.045410156
0.19789834 0.25551552 -0.057617188
0.2231473 0.29541296 -0.072265625
0.24140275 0.30487928 -0.06347656
0.23214507 0.29366854 -0.061523438
0.29479316 0.33434394 -0.03955078
0.23550227 0.3028851 -0.06738281
0.20457157 0.2792786 -0.07470703
0.21010318 0.27602115 -0.06591797
0.20913167 0.2862801 -0.07714844
0.16971478 0.2722538 -0.10253906
0.18519367 0.27161947 -0.08642578
0.22306386 0.2845873 -0.061523438
0.28694382 0.328936 -0.041992188
0.20713358 0.29648906 -0.08935547
0.29337668 0.34806418 -0.0546875
0.21627387 0.28170362 -0.06542969
0.24729352 0.30588728 -0.05859375
0.25030944 0.30743834 -0.057128906
0.24135785 0.29604536 -0.0546875
0.2625999 0.31582254 -0.053222656
0.21533903 0.29639372 -0.08105469
0.19741645 0.28384224 -0.08642578
0.27750856 0.3258484 -0.048339844
0.259131 0.31723648 -0.05810547
0.25358456 0.30387753 -0.05029297
0.23961477 0.3045562 -0.064941406
0.24937065 0.3079644 -0.05859375
0.2733868 0.3227032 -0.049316406
0.22567852 0.29061994 -0.064941406
0.25754467 0.3268806 -0.06933594
0.24853444 0.312011 -0.06347656
0.24235177 0.3180353 -0.075683594
0.2678787 0.32354277 -0.055664062
0.27641526 0.33012623 -0.053710938
0.26125067 0.3130085 -0.051757812
0.19281437 0.2733808 -0.080566406
0.23760447 0.30108103 -0.06347656
0.24155298 0.30014673 -0.05859375
0.22669339 0.2970059 -0.0703125
0.19922242 0.28223023 -0.08300781
0.19216013 0.27516794 -0.08300781
0.2578678 0.322321 -0.064453125
0.2176781 0.29824448 -0.080566406
0.24858193 0.30912882 -0.060546875
0.2451061 0.30565298 -0.060546875
0.2749228 0.31496185 -0.040039062
0.24857798 0.3105897 -0.06201172
0.28219113 0.32076535 -0.03857422
0.22045092 0.28246266 -0.06201172
0.2391963 0.29876664 -0.059570312
0.22632043 0.28296107 -0.056640625
0.24024168 0.29346436 -0.053222656
0.17500749 0.27315202 -0.09814453
0.24562521 0.31203145 -0.06640625
0.28242666 0.32881337 -0.04638672
0.24258332 0.30801302 -0.06542969
0.2283422 0.29816642 -0.06982422
0.25779137 0.31492028 -0.057128906
0.24694867 0.28356975 -0.036621094
0.27272785 0.3259505 -0.053222656
0.30821982 0.34288782 -0.03466797
0.23542985 0.30281267 -0.06738281
0.29156637 0.34088278 -0.049316406
0.2718255 0.32163018 -0.049804688
