173.82701
185.87299
160.87474
175.34854
122.15613
151.36554
145.81073
117.844475
161.22137
143.64616
157.90144
136.08365
134.04933
147.29617
169.71709
112.55973
127.319405
141.74612
169.29099
135.40733
126.60522
139.99097
135.47617
136.37311
133.236
109.67379
112.30692
120.04785
85.3215
112.39151
119.90302
119.465645
111.69003
125.605644
103.01485
113.036125
112.79757
118.13686
96.12644
106.93868
46.711063
107.84055
74.010445
134.49658
124.54388
94.10318
103.2199
120.770996
120.73482
97.50164
79.9779
89.71986
96.23319
113.639366
117.22932
115.65531
85.13931
76.14778
76.24361
89.529434
83.367294
74.53675
56.073658
97.08032
81.625786
60.981358
91.40203
72.34865
48.43892
97.97769
82.29347
99.10662
93.42153
91.49331
88.92135
94.66067
76.72055
64.98885
63.232258
68.23272
71.7212
92.16472
79.49946
103.194626
93.962685
105.11498
57.909718
82.99425
86.346275
78.61701
76.2616
72.20983
86.87145
85.69385
61.51805
70.46631
77.8955
53.38621
58.30457
85.30138
81.69393
79.35444
79.061386
64.229836
75.46896
85.873276
52.813393
78.50947
62.7644
79.30678
85.0257
82.22156
88.542366
68.379616
63.41042
72.94117
63.32155
71.08873
80.771164
50.425842
63.539745
100.9231
55.05351
79.978065
66.49856
65.68168
58.071575
83.48295
44.881104
52.989017
67.971634
61.14726
60.173466
50.698437
57.23683
81.78394
81.09402
65.78752
67.59392
36.396595
79.170265
83.50005
79.47822
72.8727
71.397484
42.025455
55.242577
86.210625
83.58561
66.44459
63.13122
57.92745
71.077644
55.24947
52.759018
62.89596
75.929146
39.048225
58.357872
58.96277
43.28618
56.36472
54.792343
65.312546
74.57252
65.22616
51.55226
61.304546
55.198368
66.57378
39.264885
63.337387
52.5586
55.996708
51.08879
53.577946
47.9479
56.8215
69.99741
69.83192
70.57219
46.59856
73.70766
66.369095
54.247696
64.95201
71.9251
49.43656
64.64863
71.35718
65.76847
75.73386
56.940968
45.0141
64.25191
49.680965
68.35679
44.67127
37.171192
48.636875
47.07857
51.591427
47.75195
49.86302
60.70213
77.76329
39.223434
62.11684
66.799644
63.946613
53.86351
42.260643
57.275578
49.75371
59.739586
48.679134
43.385624
52.875122
51.56216
65.681015
71.29257
51.195015
77.62229
74.67372
47.046425
47.359035
42.52196
46.82767
46.904915
60.164303
50.861076
61.59653
52.724243
32.44927
65.31979
58.650024
50.375477
51.09806
60.35784
58.363773
47.09485
57.89413
37.601498
42.89201
68.96752
46.180214
49.824203
57.076077
40.115852
54.17821
44.182617
59.23145
44.21899
31.433546
55.551407
53.47249
57.218616
51.665565
60.375477
40.484905
48.503895
69.33565
56.908695
38.04643
51.825886
49.36045
51.247185
55.373158
70.923874
67.84594
46.148445
46.830357
52.820374
67.98025
31.919376
37.662067
34.128307
49.14081
49.12133
37.745342
73.5266
47.03572
56.902187
24.37924
53.13917
54.764034
57.401253
52.3313
45.0385
56.364094
54.16612
47.416187
68.40359
54.10734
57.355274
52.78702
48.339207
39.32987
42.74596
59.999973
50.384098
43.7896
54.107883
54.19758
58.517635
57.49838
57.448956
26.862133
45.922035
49.063915
70.78033
60.404026
38.624443
37.19895
39.19916
56.49269
77.65185
57.196312
53.047035
52.67362
59.355545
73.28476
59.40209
43.541035
45.07413
68.047195
45.88054
45.248764
46.96957
42.31348
57.591473
49.99762
55.308617
54.429653
33.862217
54.442516
47.92767
59.041897
45.514587
54.60349
46.615086
51.036022
57.13522
43.86006
59.841442
33.16429
49.24605
34.284832
50.116524
53.628933
42.64977
45.99852
43.083
39.506836
47.28688
59.47612
30.115004
34.592644
44.357872
57.38101
58.687492
46.14289
52.94924
42.008755
57.164547
50.40714
50.23021
65.832115
67.797104
48.34618
56.850136
53.961483
70.10429
41.70846
44.29431
38.42187
54.557095
50.43284
42.550972
46.005573
53.505596
49.031357
71.53088
54.153286
75.36474
68.780914
65.35581
82.889
60.08264
63.318542
54.896564
104.36015
75.75386
53.611973
82.76343
39.877277
44.399143
75.77307
50.626637
50.890926
58.572983
55.015556
40.840847
44.59218
52.347397
53.890503
59.809353
49.769554
37.011536
33.478024
79.359344
72.78478
61.072006
61.134167
65.2133
55.458042
82.07088
50.394093
43.130882
49.086018
32.366795
53.398865
55.517673
63.966713
47.216084
53.111225
50.257713
55.27818
60.446407
44.53206
92.48667
61.323803
66.37161
68.57165
59.141247
27.296684
46.900864
44.04534
61.333233
44.896896
35.21064
64.979126
79.480095
64.90561
49.702995
44.879353
45.014515
43.49058
53.67883
52.1387
59.65946
65.72075
45.38011
52.17894
57.616962
47.650135
44.70667
50.09822
60.695126
49.11118
44.01218
38.543957
62.23951
58.241417
61.03578
70.98717
62.699657
48.561214
52.770515
44.12568
43.408035
47.789684
50.313084
49.444458
52.532906
46.142433
47.12715
48.568203
66.18363
35.62549
38.0025
51.44723
48.08192
44.5051
58.253597
57.04763
40.23333
46.493286
53.732124
43.04559
57.84341
80.53425
52.71529
58.326313
37.364857
48.126175
51.91964
49.148293
59.052517
60.075615
67.81512
53.186913
47.064648
43.897415
49.352272
59.370197
51.555454
67.52444
58.460014
58.948547
48.52399
38.075623
35.787357
40.772423
39.000473
80.3411
62.59882
43.17584
45.933544
48.83683
52.17968
49.028442
58.256035
50.45504
46.523026
60.768818
42.464928
51.9609
42.73964
46.067497
53.67168
46.73765
51.140835
42.44778
58.822468
43.846874
43.106194
92.81453
65.670586
49.3051
53.304188
53.726357
54.65257
47.152283
55.149105
51.202583
35.246502
34.874092
61.04634
51.32569
43.849003
55.651634
34.611122
45.292286
50.533344
54.098015
40.117805
49.8079
50.90525
44.561867
50.892673
43.972073
42.344456
51.78296
54.078815
48.955936
52.274227
50.187588
49.071148
53.562595
49.987534
71.755585
41.961098
38.49111
65.93685
41.00252
28.69027
51.10485
43.189983
42.80852
47.30622
42.972027
41.183678
49.06309
43.978428
54.04946
70.17637
57.11578
38.490322
44.433105
50.382687
54.11906
44.851585
42.626514
61.95841
44.721687
45.171745
29.756502
35.86355
59.98844
43.047054
38.14858
44.004997
38.51708
65.04941
37.485287
43.133083
69.42701
53.3092
52.376713
41.797077
55.522808
38.90959
35.95841
35.849995
62.61914
32.047356
37.96278
47.46435
57.894142
37.111885
50.119328
49.026623
50.269848
46.01102
32.609016
49.623207
35.90206
40.408535
51.268135
33.173737
50.52244
53.602924
39.361797
42.39693
37.50678
48.418163
40.76151
33.65496
40.648518
49.602394
42.16117
54.05996
35.523605
35.989017
47.11097
30.90027
54.272705
60.944252
43.97312
40.612976
48.3393
69.50771
28.607252
36.066402
46.415108
48.202896
32.232014
62.593052
41.03341
48.09054
52.75099
71.00662
46.765648
26.405338
27.518124
53.203167
75.661255
59.017075
48.85436
61.655266
40.373486
34.593018
44.356064
39.02551
49.107132
32.042465
46.117313
33.64655
60.40438
58.46855
57.585804
69.49168
49.82711
43.115963
38.26376
43.61522
51.882893
50.67122
62.74642
41.11743
58.801743
47.33008
42.126835
37.066994
30.126137
44.306423
61.140926
41.04107
51.20724
26.978771
63.419727
47.78844
41.250313
49.975525
37.577477
34.00144
28.759575
41.20359
52.818165
56.43269
41.435287
50.83543
41.287167
43.00411
36.724323
53.48506
54.13081
56.699623
43.31989
42.381977
51.10861
46.96606
67.22062
40.19066
43.259563
35.72267
38.657
67.37989
40.78556
62.82264
52.242443
52.878536
50.030685
38.67522
43.89239
47.056316
45.752224
45.45725
59.470287
38.669888
62.61594
50.474957
33.316998
50.89112
38.27321
45.318043
33.117107
37.95208
32.592968
56.160934
39.39259
50.751347
58.4076
41.728226
62.019207
42.94049
44.804905
61.045532
50.371758
39.303886
68.73044
47.08111
42.09806
34.26396
62.194256
48.11155
32.369003
29.834642
42.12597
54.619286
67.60462
45.393944
52.243725
30.957672
28.466162
41.275955
27.648468
52.324486
53.90532
36.504475
75.66004
35.155373
60.231544
28.626623
40.277637
36.36811
44.10505
51.150715
34.284344
43.83367
45.010117
52.110226
44.40114
30.486338
71.7137
46.62816
21.477802
75.80099
38.93355
55.751724
31.465418
32.918037
46.723198
53.74398
37.791714
78.54783
44.7681
62.42064
38.362663
57.080746
75.246056
48.0719
78.54799
43.64816
37.96888
39.225945
52.849957
38.636093
39.42812
33.747288
40.386997
40.22245
39.07298
48.143383
50.660057
38.109158
53.281517
37.144558
50.613728
59.894234
39.06835
46.901268
49.241245
63.970684
47.687157
42.761154
50.713875
40.161312
69.705475
43.062305
42.815823
33.447388
33.1543
38.703407
43.29495
48.05296
31.039927
28.551775
50.60554
48.670387
41.5452
66.90379
30.284708
59.426018
34.45904
62.654655
27.790056
52.838177
43.32969
39.15092
37.12884
36.95441
39.184383
72.75567
51.36064
29.906614
40.139957
31.996252
29.991987
49.67117
43.057785
46.012844
27.913197
43.189518
35.767628
42.11231
47.468864
45.388676
44.67
36.342033
25.772491
31.529463
41.432854
42.409554
38.970127
35.250835
41.962452
33.416176
54.343212
25.61592
67.56507
36.984505
58.78625
35.17246
42.003983
42.794872
48.027607
30.697374
36.106155
30.794426
42.031807
48.66799
32.478302
57.286938
31.71391
38.953476
70.767456
44.213375
45.71631
36.68559
29.743893
47.92578
45.1791
37.891476
22.228355
38.728405
38.59334
44.3644
46.91
28.982113
36.895676
46.609367
48.95263
46.29057
40.45405
28.269163
32.13381
46.32873
46.94422
47.514816
48.810173
35.278427
43.574635
42.47123
50.549385
37.749084
51.888832
42.347977
47.248264
44.105446
33.800938
56.553276
43.562496
33.484882
47.80745
40.72496
53.040936
69.343025
49.54468
31.816288
39.673885
45.53512
39.60754
34.153847
47.314842
42.970222
43.32976
61.18546
44.32798
43.46963
36.73766
30.53173
38.157364
59.13075
48.696915
32.707882
48.60553
53.929546
38.5901
32.756855
30.441841
45.164967
49.754192
41.025253
33.23678
28.2291
68.747925
48.647762
36.3747
43.85814
35.68442
39.44899
45.18663
67.77744
41.397484
44.840137
64.25131
50.317917
37.63482
48.769424
46.400917
32.593033
43.279533
38.126534
30.28016
57.09811
31.235008
42.69354
46.65923
40.31451
41.685234
47.879612
35.10919
31.006023
43.325325
28.502413
25.533491
60.538017
46.090717
42.6574
32.58755
32.509327
34.51752
36.21567
29.629618
43.16235
31.463064
34.68279
36.39558
36.754253
35.319336
42.089794
47.278088
33.77608
52.142803
49.358513
48.93755
34.874226
52.610947
32.119766
36.502014
37.393307
32.808224
35.44382
32.343735
56.424828
34.079525
44.485985
46.45027
49.460632
32.41982
42.639107
45.14237
42.064323
34.410984
35.630676
42.522892
48.53155
40.641304
42.016087
30.986044
46.753784
40.584026
39.521336
31.339117
40.365215
27.245777
41.588276
32.89308
37.63615
26.972557
27.653471
33.198177
29.090382
22.172949
50.40657
25.320324
37.6719
35.03934
34.23861
32.2285
44.380272
34.65748
46.50605
31.906668
26.327768
36.316696
29.897951
39.58101
63.369553
33.35967
28.302309
53.582253
33.5263
36.995712
40.059338
44.876583
38.593197
31.564545
41.556095
30.47401
25.58103
39.721478
66.07095
24.128721
64.077095
29.221712
26.4439
19.451315
38.91128
49.2787
23.129293
39.7447
38.851112
41.641068
28.16006
36.36815
29.01173
63.512222
62.61285
34.60129
27.085934
36.550724
35.74515
28.129524
30.397516
46.257324
49.74563
27.9934
42.79736
33.359592
30.284952
36.75743
29.705881
46.459557
45.248466
39.69949
37.74423
42.39827
31.435978
38.056683
36.991978
35.8662
47.942673
35.87939
41.279972
38.375782
42.221664
41.036366
39.103954
35.146137
40.156075
31.43273
46.667515
42.453533
32.85264
45.654957
42.86212
54.25039
46.698948
47.824512
42.43612
104.183685
35.359573
46.85088
37.444424
24.90418
39.201008
34.399197
37.92431
32.956127
33.807316
39.967167
37.3722
42.206406
36.604233
31.397905
34.53257
34.34598
36.275707
38.95464
31.970436
46.703125
22.821007
42.930477
36.13988
32.85256
33.786278
46.602974
22.721159
36.909023
37.22124
48.013638
35.231274
34.541965
34.87062
35.400875
47.318882
20.30074
21.454002
32.381065
45.413307
37.958614
17.549168
31.090666
51.73583
41.149208
43.568798
38.84942
33.7092
34.948795
46.213955
36.30108
42.740513
36.55148
27.303593
27.312298
41.360855
43.529488
23.852997
22.49152
54.579468
29.784798
48.33751
32.135216
55.54939
36.41566
31.011625
48.356262
28.791945
26.617424
52.727646
29.375084
29.906855
37.452187
24.867014
42.12759
34.1394
42.14714
32.182724
45.31101
40.575294
27.153938
35.021694
35.55588
36.73869
33.067013
29.349298
28.025957
31.571331
42.870365
33.067543
29.444649
36.02607
34.236217
34.37358
46.578136
26.11315
49.680946
40.11039
24.661602
28.546902
31.529026
27.045502
32.13248
51.177525
31.09002
42.089413
26.833982
59.267715
34.42977
48.04281
26.407244
32.290413
25.097858
28.516619
48.685314
24.05028
29.713308
38.331734
26.786882
31.706713
31.153866
62.51267
70.47619
53.363117
41.40142
32.17286
31.507267
40.90821
42.28179
34.96012
58.432114
23.366358
42.742332
26.40302
28.540262
38.27112
30.69169
41.525623
38.61958
31.834467
36.729668
36.05091
32.79491
35.198807
34.83324
23.897335
55.482567
29.380556
29.612055
29.488981
43.518913
33.276962
25.885307
35.46267
40.89787
30.541069
34.756794
30.501717
41.563675
35.99222
41.84105
40.44348
22.030195
41.363426
24.56462
21.706362
30.736912
30.3956
32.154984
27.063244
27.573467
38.175255
28.57316
42.2901
34.692165
33.392574
29.52137
38.75759
31.365553
35.690407
37.937195
32.318474
44.59415
43.940506
33.657417
29.075497
46.946106
52.896965
31.835846
22.888288
24.843706
28.523521
32.599064
33.28051
37.42358
29.027882
21.333569
27.808256
29.418993
35.803413
32.489147
26.738129
36.00799
34.631863
35.736435
30.887714
37.576656
29.548155
25.780916
32.62539
23.880154
37.67281
34.210133
35.816105
34.21511
42.876083
56.55328
30.744984
38.99178
43.331543
30.779264
38.638565
37.470192
26.056768
41.00128
49.647636
47.176704
26.351881
27.682451
41.914055
33.493923
42.654385
44.768288
30.14497
27.488153
30.680752
37.846695
40.008083
35.897
28.276361
24.788912
25.338646
41.065544
33.686573
31.516155
52.54108
36.17859
36.136406
32.71567
37.464947
45.707787
36.036755
41.73661
38.179306
40.434303
41.740093
33.356117
31.436808
38.87861
33.90352
19.591644
31.230902
49.695972
32.840378
24.515543
28.74642
38.690918
38.288536
35.40412
29.134306
32.728844
43.905315
24.486748
30.015137
34.45522
26.48867
35.661507
35.128418
23.651266
25.404375
31.502253
26.774515
38.15836
51.879147
43.494736
24.921398
51.0944
27.762909
22.437492
24.590515
36.68495
37.25268
32.261513
18.680342
21.56731
33.91377
30.582508
29.323057
33.639233
24.728228
37.450146
27.1051
38.523884
29.52074
32.652374
39.423454
32.930992
29.526806
33.554615
19.868137
39.9251
