220.67386
182.07553
186.25928
213.9789
167.7751
153.96753
186.15744
185.26244
199.46571
160.75179
131.12825
151.12733
151.82054
236.311
157.61913
158.42831
143.78767
158.0777
161.67331
172.00122
145.47623
151.19391
146.89922
203.46162
169.50107
163.73286
145.34811
135.03595
179.40118
119.079216
155.12149
124.59266
134.92381
137.87733
162.82106
100.88791
151.22786
122.10572
143.86035
121.25991
124.56804
118.804985
117.21591
103.97948
119.16621
105.08789
102.98364
103.87888
108.788086
144.78746
94.16213
115.757164
94.918526
93.87349
112.8118
106.15429
99.8305
104.36137
101.85647
102.577286
95.50445
106.21623
121.988235
105.92538
83.62891
94.23299
109.499626
80.35514
98.54485
58.24021
80.15618
80.0616
97.48565
102.23641
89.145355
103.88835
69.99509
82.31155
87.29218
55.21626
77.5096
91.28275
71.231064
74.466835
64.70484
52.125076
70.96431
79.792015
95.25562
49.94749
66.20707
58.61578
68.78974
62.501514
76.86705
73.10151
69.26306
46.878124
67.39189
63.14806
49.76279
73.20475
66.21505
62.966434
82.49243
55.770332
56.999077
47.231655
87.56756
72.79294
54.7108
58.60582
66.0853
64.826546
52.666874
64.22097
53.326843
57.18565
51.495827
46.07723
51.48401
55.992085
67.715744
80.326096
49.439644
58.235855
88.99797
66.74232
62.862232
66.062035
62.337345
71.55906
58.608894
57.33452
52.074154
43.173714
58.404667
54.312412
61.07677
62.45426
67.624825
59.165104
51.37808
48.850204
52.71281
73.96534
61.711704
61.071636
74.19039
58.233154
71.45611
66.717545
60.557224
49.696964
57.47673
58.25012
65.24323
40.288635
57.202625
36.96781
50.322083
55.544212
56.78039
58.63789
84.8622
53.30059
38.13955
54.33268
64.84368
73.27699
42.494713
58.970352
70.68037
86.017845
66.32928
75.97213
67.418625
47.626286
44.340736
55.461224
64.15081
47.587955
55.291897
55.143112
56.705135
57.04716
45.975857
68.95214
46.30153
55.9006
51.306282
75.91433
49.471252
46.146343
74.008385
49.42701
57.91915
53.265152
46.78138
47.839493
45.54693
46.635117
50.524048
40.55078
68.502525
52.961
37.96804
54.5719
51.170444
44.01713
64.88083
50.24066
54.421528
31.28178
41.343094
52.726803
51.234165
53.29492
46.521255
45.233986
43.018913
49.03584
45.75256
45.453465
45.182537
51.365337
53.29358
59.362667
65.66796
62.865948
65.34453
61.149097
51.544075
41.085796
47.353493
58.99254
44.486156
62.265987
43.959038
45.950474
34.333416
43.076157
38.69956
65.6419
50.4865
64.250854
59.601807
43.99357
53.411015
60.243732
55.312572
62.038445
73.878685
39.782528
53.421375
53.40842
51.34396
58.646835
65.98301
46.75489
58.96949
45.88363
64.88385
33.257477
60.862206
38.420296
42.097664
46.117306
56.622192
31.13929
34.99815
64.596306
48.39818
59.756042
45.82847
43.01836
48.81058
56.849007
55.195076
45.711193
30.89025
51.60735
48.232254
57.271206
31.667572
60.942455
52.397274
36.561325
49.037277
44.49971
40.164837
49.47419
60.743004
74.21028
43.8928
43.973885
46.467003
55.6244
38.63227
35.994396
24.6852
38.76213
39.282173
55.11418
29.051037
48.8025
48.332493
58.36935
53.092884
44.76547
41.822132
45.026176
30.149788
34.575317
43.12824
37.17989
36.78719
34.05898
47.43592
52.98124
41.81793
33.409252
32.911045
48.392864
36.872314
51.745388
39.792988
41.62606
29.237675
51.2086
56.22579
35.6379
60.150818
49.24209
34.973045
28.337328
55.064217
30.00877
53.94593
44.480778
50.311733
28.180475
36.517143
29.63943
45.028564
51.478577
35.485672
24.089457
45.890816
43.564907
42.672356
48.580494
79.602196
28.34125
52.81824
40.491005
50.605183
39.461933
29.670956
40.140923
27.243847
43.82837
45.084373
29.834415
28.911848
28.832201
52.87028
37.413082
28.125122
30.635742
35.320145
56.621414
33.83378
33.7885
36.81035
37.540337
33.377525
39.787502
34.86669
28.508768
32.725773
31.032806
46.899536
57.24764
24.815289
38.158463
20.282885
32.547604
32.439095
32.672417
38.642006
28.81467
40.168503
56.432198
34.44972
43.01634
35.96567
31.652433
40.363297
42.47527
51.2813
36.0581
48.742603
33.331795
37.811016
31.451311
104.58511
45.936855
21.961374
25.934742
34.20887
26.892374
31.97945
25.470808
20.394531
35.28041
33.98232
45.938255
43.79824
33.006725
35.914932
37.88527
48.456234
55.253696
29.968422
40.566353
28.91895
27.519632
38.991566
31.59807
41.18309
35.918118
40.89105
30.286022
35.37382
27.928972
36.105675
47.6378
40.222095
36.189163
27.25704
29.424463
24.237677
32.375557
24.205547
27.823896
30.001497
35.94752
12.948139
30.205994
32.122845
50.370235
52.911274
40.90558
35.719646
41.44838
26.066227
18.396887
31.425497
43.83899
36.94187
35.05088
23.01797
36.617756
22.81558
36.009686
35.08057
28.456564
25.817343
32.76229
28.87582
23.870993
33.74757
38.451187
40.43131
31.069075
38.48595
37.488354
21.116968
49.62754
28.024532
25.446611
33.724724
21.66432
23.116177
26.655294
29.222124
21.211779
28.489523
23.28869
22.82414
26.07152
38.921837
39.867355
25.194788
38.938
27.11334
25.368786
29.228655
27.897066
29.009806
33.31701
20.40567
34.580868
25.700527
33.269623
26.66286
29.417164
25.907824
29.9373
26.746813
12.462155
19.532253
23.71499
15.699551
22.252293
29.289406
30.227762
52.619495
27.662605
41.35085
30.527277
42.37034
18.620958
33.26094
23.58773
25.699926
15.299178
19.58189
11.349219
26.319853
28.54388
27.87439
36.34512
18.885355
24.121347
25.047207
29.291876
18.062874
28.44357
29.692564
12.728382
26.132454
23.722239
26.611626
26.517015
36.117023
24.11108
23.09194
30.73846
34.03847
33.350063
35.35108
35.000267
32.411083
20.971058
25.698536
37.24764
15.672168
30.152098
23.80759
26.002764
29.345877
32.831066
22.496908
31.580803
35.039295
11.435404
17.59949
36.65154
36.660557
18.280783
13.500896
30.653328
33.21183
18.842592
26.268377
28.10563
33.281048
14.759538
29.109068
19.40626
16.17229
19.68868
30.362951
24.664783
38.117737
30.643686
22.312315
19.531183
22.915195
16.244164
34.772663
36.657967
23.850134
13.008952
26.657381
13.664416
21.444557
26.058653
23.565527
26.530937
27.7741
17.632448
16.210052
29.52957
25.889612
51.383083
33.491096
23.459246
30.290495
33.383022
25.760815
29.31948
22.026194
24.901487
26.262249
22.963243
18.915358
23.154531
25.631205
28.01546
30.2045
16.725525
30.617668
18.24975
25.180586
36.5861
35.661865
32.711136
27.93794
20.473545
21.681767
35.323544
17.803095
23.761585
19.346968
26.987513
36.39781
39.00688
17.708742
20.847681
23.43156
28.672655
26.764515
27.21126
31.890577
12.56825
29.489542
34.19108
22.556154
34.445026
23.100306
27.727541
42.890484
36.8698
18.033754
31.090939
31.40769
21.036161
20.477972
30.469978
19.821037
12.092462
31.450605
32.723053
20.486464
32.08206
26.537039
21.734827
23.602947
33.3361
30.336546
37.260616
30.068726
24.55353
23.587095
17.638063
21.419413
26.58086
33.6535
18.760046
21.093605
32.796837
26.172068
28.688738
22.991161
20.535892
26.581085
29.85534
20.96567
33.690033
28.57682
26.219381
42.667862
49.20768
22.408262
32.892536
29.73424
25.269257
23.57139
40.412518
23.175905
34.734623
32.314365
34.078014
18.513391
45.535435
31.217766
26.293919
31.381939
39.724846
41.709446
37.339546
48.032097
52.3966
32.10084
15.827704
29.627344
32.950256
32.46804
34.33136
27.747444
40.66169
22.583344
32.724293
30.826283
37.42881
25.920956
44.337215
39.97894
30.145382
27.892565
21.94018
35.005028
33.395805
31.519012
26.837639
25.782034
40.531483
24.93175
21.516205
23.176455
32.15684
24.670422
24.586353
20.129316
33.544823
32.716114
35.91845
32.29769
33.3608
35.717846
37.811687
32.626804
31.139143
20.118196
38.551655
44.60757
42.487755
25.367878
21.674683
39.612957
32.73503
46.379032
39.39746
33.07911
41.524105
55.62455
35.247746
39.10345
30.333872
40.167747
31.672457
36.598385
25.083094
29.774418
38.964363
28.162565
47.310993
24.458305
32.017902
34.87608
30.691542
31.355387
30.281158
23.021368
33.164494
20.183523
20.295372
26.567827
27.519716
36.65453
25.72303
36.60984
47.14648
18.453411
39.92458
44.73467
31.655773
19.015892
32.183987
33.98359
22.916817
25.245235
30.924967
32.93729
33.538704
28.389946
38.650455
39.688457
40.074028
36.638042
46.003174
30.51655
27.99138
46.85242
33.388645
36.895317
44.85957
23.573982
44.70543
29.197477
30.98815
25.931004
34.57534
30.115166
36.62362
42.722996
37.152462
25.221771
39.90311
37.32919
41.87028
56.430836
24.485762
19.54902
22.22672
25.604212
35.45532
37.313076
19.955647
35.427444
32.421314
31.884972
26.486614
39.623802
25.804523
31.201832
25.004742
22.001219
37.924484
30.145155
32.528435
41.854893
30.61387
31.260567
38.09297
30.545238
25.480288
28.293995
42.176548
32.52627
28.85536
21.832287
30.61086
29.735905
22.2181
29.097635
23.68816
23.706144
22.81057
32.621056
29.092155
22.616064
45.054577
27.610598
23.18894
30.84781
22.778473
31.086264
32.101486
36.177914
34.493706
22.199167
37.303993
34.503597
40.8995
19.67178
25.045996
33.923664
33.010746
30.242981
35.661007
22.422508
31.60879
30.793049
28.686987
26.165087
26.32514
27.679028
33.12131
27.527557
31.484716
28.00645
28.455212
33.11037
20.480692
46.709953
41.32312
30.419752
29.135891
21.271978
33.43698
36.879696
21.80682
31.079464
23.321566
19.641533
33.33474
33.748905
28.507406
27.366138
37.201893
25.206947
33.866104
33.905205
48.77252
36.71381
37.593925
28.6067
37.62379
38.678894
33.41606
34.208355
27.407383
42.814068
38.510323
32.131313
28.077692
38.857708
27.12855
25.934217
38.86045
31.670622
25.73242
32.320232
24.913984
24.238054
34.89569
26.41286
46.34511
30.476665
40.57128
23.621504
27.155485
42.933994
48.23943
41.552773
36.20386
29.064991
37.565083
34.94694
41.209297
26.67004
22.511452
35.60459
31.595066
22.874868
21.782177
36.75806
38.025734
23.25636
45.429417
31.39683
23.517902
30.73747
42.9264
32.039097
23.54698
27.792276
32.166485
34.010685
44.464306
29.724066
33.154255
31.373615
36.033337
33.78318
42.890564
40.416584
32.626022
16.729374
33.139996
30.630497
40.413677
25.348608
41.60134
37.056107
40.07623
21.60799
28.677929
28.4473
45.383194
26.400806
30.58207
33.107964
20.879332
33.13859
52.73435
56.442772
31.250149
22.117401
33.532646
35.918324
33.749207
22.58683
40.187206
28.860804
48.93899
52.333218
25.757181
41.880817
23.659578
26.656336
42.15361
40.872185
26.191597
30.241894
38.04146
24.569458
33.80791
34.794067
34.575615
29.979809
62.50955
30.469675
27.537066
29.470053
26.469965
39.890163
30.717768
33.656178
25.66265
21.468561
24.798393
23.781637
24.26334
25.23008
47.599403
36.479866
23.7807
38.735268
34.313965
32.196575
34.030865
39.021626
27.232422
32.222736
31.745457
30.853271
35.085323
22.508673
39.825985
25.581442
33.83348
45.878338
37.760395
33.245323
31.626547
27.314903
29.173168
22.857464
38.279987
39.24851
35.078438
34.62215
25.415766
37.080532
35.697975
21.437069
32.974907
24.187614
29.909746
42.334377
31.87318
33.920937
27.48591
30.549194
25.869692
41.624565
35.630714
28.345125
28.78797
34.527752
31.150135
28.006788
26.494072
31.413172
31.182728
37.678997
31.97411
26.053957
35.31299
21.759098
31.362988
23.710655
35.940907
28.164873
29.017103
32.76778
22.480034
35.049644
45.50678
35.22042
30.416206
37.995705
34.043488
28.333166
19.55784
35.679325
35.21407
22.298561
23.613317
29.348059
32.08759
29.155409
42.442574
33.24218
43.28578
31.472452
46.94743
28.953627
30.576992
25.813921
33.391502
34.387432
24.315342
29.995546
34.207714
24.595
27.786106
35.7759
32.261482
44.20597
20.892668
48.680042
32.67968
29.087654
23.405989
26.156483
31.069689
20.474274
30.821257
33.03638
34.91476
20.40521
33.63667
28.881294
47.26389
37.18312
31.007147
28.680933
27.593742
37.758568
28.976805
23.58502
17.209429
28.988615
36.221294
38.919247
25.887386
28.204145
22.304344
30.58986
29.943237
29.883497
28.660906
38.52901
35.201466
38.465977
29.592089
24.407526
20.285276
32.15974
32.28301
34.253464
17.728193
22.61861
43.498043
25.524426
20.303724
17.531523
21.039164
28.183903
38.231243
25.163404
17.215223
21.06515
29.043236
35.285965
32.582993
32.108135
22.850687
23.52292
34.51507
28.824842
22.911554
23.19753
23.58658
30.50174
29.853233
18.860836
30.207067
21.308697
23.725424
34.880543
22.361715
22.203386
21.117205
29.906506
38.9394
25.368944
20.889423
28.263172
34.092323
32.23791
30.919655
20.674845
30.148798
31.622437
31.70931
25.176846
30.499062
39.930576
31.946629
28.265234
30.177803
32.030735
26.054932
18.213783
29.719841
26.363071
18.69436
19.51526
33.026974
41.01916
29.816301
27.564692
42.185062
19.131979
32.392994
29.12897
19.368893
13.29049
25.76777
30.575357
33.16573
29.337488
35.547276
31.413288
26.328817
30.11087
30.607038
34.203148
22.170534
24.152006
23.196413
24.139004
20.57406
21.58485
28.836308
29.570662
33.943222
24.086008
21.804705
19.044926
22.928368
36.67994
21.847021
18.007252
29.438147
15.249832
33.09653
17.248562
22.507393
28.435814
36.736217
25.116962
30.911228
20.30306
28.151983
22.147123
27.303541
14.646632
28.33679
36.849045
25.041573
22.53663
25.1486
25.721098
23.95951
28.752563
13.242126
26.281212
17.308523
21.931305
29.67311
28.479404
27.511993
21.540937
19.611727
34.13323
24.231695
26.298683
31.689693
26.141468
22.74933
27.415428
19.735813
25.066942
23.59289
32.912647
27.380632
19.983469
33.291046
28.632744
24.850328
44.575367
26.737425
23.7457
18.104742
25.237864
15.327931
21.609854
29.255306
30.76244
20.14616
22.327082
17.376566
17.875715
27.39935
36.835148
23.047707
41.78999
32.542866
20.318811
20.941227
29.35943
29.86169
18.347788
27.686617
23.513187
22.450277
20.619688
28.402147
23.609135
20.816721
19.683464
31.728525
27.124132
28.59769
18.342764
36.69294
34.8659
39.086422
29.992683
24.867144
24.770885
46.55168
22.123137
20.68139
32.981846
33.38604
27.260271
23.859928
27.663904
19.768122
17.724293
21.747389
29.868269
16.727821
27.115038
31.60138
31.063602
19.400482
27.256737
24.33563
30.762987
22.45648
32.237114
22.932453
22.005583
16.237362
22.996342
21.392986
29.192827
17.180437
16.476582
19.154394
22.705988
27.11806
31.350334
19.051693
34.54688
29.477228
28.751884
30.10255
36.791603
21.770266
25.273214
23.444824
38.13432
28.187197
28.924223
36.00581
37.78371
29.076233
25.206507
17.034428
18.231462
28.414526
18.866858
20.243702
32.597168
23.181118
38.726192
24.89041
22.177
25.243076
35.718346
26.93265
20.178932
26.128206
34.45088
17.402657
31.364368
20.01264
42.115627
35.37075
27.707104
30.664577
30.535788
31.461372
42.126316
27.950039
19.055286
23.736326
29.424385
19.589762
36.418056
31.797514
34.478718
28.445686
22.960733
38.416744
31.605736
33.548595
36.303303
34.083103
24.64962
25.75503
21.385729
24.214481
23.29006
23.124882
30.150805
16.805885
18.155096
25.256605
23.83081
16.952126
23.144999
20.21498
18.564745
23.744957
25.561804
25.549976
17.162315
25.123137
20.512867
7.755794
9.379729
10.859924
10.20321
11.973653
9.653897
7.5480986
7.115082
2.904961
4.7418113
10.765417
15.673787
42.109074
11.296697
14.41006
20.813686
5.2710567
9.967609
12.7816925
12.296951
22.476147
19.833426
8.614736
7.258363
24.188667
4.565232
9.392931
