-0.18086493,-0.18066406,1.0
-0.17551968,-0.19042969,1.0
-0.17023599,-0.17578125,1.0
-0.17899743,-0.18554688,1.0
-0.115609765,-0.13671875,1.0
-0.16405015,-0.17089844,1.0
-0.12790479,-0.16113281,1.0
-0.10276072,-0.13671875,1.0
-0.15686499,-0.18554688,1.0
-0.13972715,-0.15625,1.0
-0.15473205,-0.18066406,1.0
-0.14744642,-0.16601562,1.0
-0.11809458,-0.15136719,1.0
-0.13696504,-0.16601562,1.0
-0.1616843,-0.18066406,1.0
-0.092964344,-0.12207031,1.0
-0.11684124,-0.14648438,1.0
-0.14801636,-0.16601562,1.0
-0.14681002,-0.16601562,1.0
-0.15051034,-0.16601562,1.0
-0.114455774,-0.15136719,1.0
-0.1348724,-0.16601562,1.0
-0.12064066,-0.15136719,1.0
-0.13413328,-0.16113281,1.0
-0.14779606,-0.15625,1.0
-0.08653339,-0.12695312,1.0
-0.09814137,-0.13183594,1.0
-0.11014049,-0.13671875,1.0
-0.052042007,-0.09765625,1.0
-0.07727945,-0.12207031,1.0
-0.11003973,-0.14648438,1.0
-0.09556964,-0.14648438,1.0
-0.089916386,-0.13183594,1.0
-0.082266055,-0.13671875,1.0
-0.08185143,-0.12695312,1.0
-0.11068483,-0.14160156,1.0
-0.08527404,-0.14160156,1.0
-0.09554878,-0.14648438,1.0
-0.07302545,-0.12207031,1.0
-0.07197213,-0.13183594,1.0
0.0011292234,-0.05859375,1.0
-0.08114599,-0.13183594,1.0
-0.046447042,-0.09765625,1.0
-0.112699345,-0.17089844,1.0
-0.09504681,-0.14648438,1.0
-0.06328891,-0.12207031,1.0
-0.06901201,-0.12207031,1.0
-0.08566558,-0.15136719,1.0
-0.10921097,-0.15136719,1.0
-0.056598853,-0.12695312,1.0
-0.052821457,-0.1171875,1.0
-0.065593764,-0.12207031,1.0
-0.07136653,-0.12207031,1.0
-0.09633536,-0.15625,1.0
-0.097555265,-0.15136719,1.0
-0.10396938,-0.16113281,1.0
-0.060272586,-0.1171875,1.0
-0.0716184,-0.11230469,1.0
-0.044500984,-0.10253906,1.0
-0.06372897,-0.1171875,1.0
-0.05710851,-0.12207031,1.0
-0.043720454,-0.10253906,1.0
-0.012027575,-0.07324219,1.0
-0.07081945,-0.12695312,1.0
-0.0664553,-0.11230469,1.0
0.007048738,-0.078125,1.0
-0.05552677,-0.12695312,1.0
-0.047670353,-0.11230469,1.0
0.014406291,-0.05859375,1.0
-0.06938612,-0.14160156,1.0
-0.055745702,-0.12207031,1.0
-0.09210067,-0.14160156,1.0
-0.080449,-0.14648438,1.0
-0.070712306,-0.12695312,1.0
-0.057382792,-0.12207031,1.0
-0.057431243,-0.1171875,1.0
-0.041888002,-0.1171875,1.0
-0.039781224,-0.10253906,1.0
-0.031298377,-0.10253906,1.0
-0.027917534,-0.09277344,1.0
-0.050222974,-0.11230469,1.0
-0.07227825,-0.13183594,1.0
-0.044585843,-0.11230469,1.0
-0.103047684,-0.16113281,1.0
-0.07388084,-0.13183594,1.0
-0.075611964,-0.14160156,1.0
-0.010801728,-0.09277344,1.0
-0.06147357,-0.12695312,1.0
-0.062163614,-0.12695312,1.0
-0.06455882,-0.12207031,1.0
-0.038910493,-0.11230469,1.0
-0.052450977,-0.12695312,1.0
-0.04795692,-0.12695312,1.0
-0.04546412,-0.12207031,1.0
-0.03731395,-0.09765625,1.0
-0.035564072,-0.107421875,1.0
-0.051235568,-0.12695312,1.0
0.010699386,-0.06347656,1.0
0.0016817392,-0.087890625,1.0
-0.08534488,-0.13183594,1.0
-0.06305528,-0.12207031,1.0
-0.08833582,-0.14648438,1.0
-0.040556792,-0.12695312,1.0
-0.028578445,-0.09765625,1.0
-0.05446286,-0.11230469,1.0
-0.058014512,-0.12695312,1.0
0.013642371,-0.08300781,1.0
-0.028171588,-0.11230469,1.0
-0.0050416947,-0.09277344,1.0
-0.024629071,-0.11230469,1.0
-0.033872657,-0.107421875,1.0
-0.03279698,-0.12207031,1.0
-0.060156237,-0.14160156,1.0
-0.024020594,-0.107421875,1.0
0.018266177,-0.078125,1.0
-0.025198858,-0.107421875,1.0
-0.019561319,-0.10253906,1.0
-0.02595801,-0.11230469,1.0
-0.02748171,-0.1171875,1.0
0.006849152,-0.08300781,1.0
-0.028402274,-0.087890625,1.0
-0.0741962,-0.14160156,1.0
0.00499572,-0.087890625,1.0
-0.06225092,-0.13183594,1.0
-0.0038843057,-0.09765625,1.0
-0.049834605,-0.13183594,1.0
-0.011070577,-0.09277344,1.0
-0.030513924,-0.1171875,1.0
-0.0164143,-0.078125,1.0
-0.03261666,-0.10253906,1.0
-0.0075008483,-0.09765625,1.0
-0.010513445,-0.10253906,1.0
-0.03205508,-0.11230469,1.0
0.010797221,-0.08300781,1.0
0.0036421318,-0.08300781,1.0
-0.04491714,-0.12207031,1.0
-0.07831029,-0.12695312,1.0
-0.038004957,-0.1171875,1.0
-0.043598372,-0.1171875,1.0
0.007699362,-0.068359375,1.0
-0.0657508,-0.14160156,1.0
-0.05120169,-0.12207031,1.0
-0.07563652,-0.13671875,1.0
-0.045250304,-0.12695312,1.0
-0.03280672,-0.1171875,1.0
-0.0033118918,-0.07324219,1.0
0.011678631,-0.08300781,1.0
-0.10450126,-0.14160156,1.0
-0.04713129,-0.13183594,1.0
-0.06238805,-0.13183594,1.0
-0.035705097,-0.09765625,1.0
-0.03922378,-0.1171875,1.0
-0.04662881,-0.1171875,1.0
-0.011012423,-0.09765625,1.0
-0.020905493,-0.107421875,1.0
-0.044939317,-0.1171875,1.0
-0.017706368,-0.1171875,1.0
0.009547496,-0.08300781,1.0
-0.0050736107,-0.09277344,1.0
-0.03614186,-0.107421875,1.0
0.024242897,-0.07324219,1.0
0.011650087,-0.07324219,1.0
-0.02998726,-0.12207031,1.0
-0.0107681975,-0.09277344,1.0
-0.030698517,-0.11230469,1.0
0.007903008,-0.09277344,1.0
-0.009513176,-0.09765625,1.0
-0.011911065,-0.09277344,1.0
-0.04100796,-0.11230469,1.0
-0.04462964,-0.12207031,1.0
0.0212957,-0.068359375,1.0
-0.051549237,-0.1171875,1.0
-0.006903994,-0.087890625,1.0
-0.01871825,-0.10253906,1.0
-0.0112595,-0.09277344,1.0
0.005940128,-0.08300781,1.0
0.019853454,-0.078125,1.0
-0.011364946,-0.09765625,1.0
-0.06110252,-0.13183594,1.0
-0.0056338906,-0.10253906,1.0
-0.035130095,-0.1171875,1.0
0.005461976,-0.08300781,1.0
-0.04122919,-0.1171875,1.0
0.0048529506,-0.08300781,1.0
-0.041507777,-0.13671875,1.0
-0.026864935,-0.1171875,1.0
-0.028631415,-0.12207031,1.0
-0.016833518,-0.10253906,1.0
-0.014357245,-0.107421875,1.0
-0.022548484,-0.107421875,1.0
-0.047248557,-0.1171875,1.0
-0.10793116,-0.16601562,1.0
-0.05770917,-0.12207031,1.0
-0.008064235,-0.07324219,1.0
-0.015335543,-0.11230469,1.0
0.015814174,-0.07324219,1.0
0.0091502415,-0.08300781,1.0
-0.0060667275,-0.087890625,1.0
0.035239525,-0.07324219,1.0
-0.0020214438,-0.10253906,1.0
0.008762278,-0.078125,1.0
-0.03983249,-0.107421875,1.0
0.011018574,-0.08300781,1.0
-0.016201874,-0.09277344,1.0
-0.016617984,-0.10253906,1.0
-0.08008998,-0.15625,1.0
-0.024402466,-0.087890625,1.0
-0.03828675,-0.11230469,1.0
-0.05231753,-0.13183594,1.0
-0.028710932,-0.11230469,1.0
-0.04974267,-0.12695312,1.0
0.032315794,-0.06347656,1.0
-0.025857467,-0.107421875,1.0
-0.027547365,-0.10253906,1.0
-0.009820576,-0.107421875,1.0
-0.0028997362,-0.09277344,1.0
0.022856828,-0.078125,1.0
-0.0111945635,-0.10253906,1.0
-0.028605023,-0.1171875,1.0
-0.033191703,-0.1171875,1.0
-0.057476453,-0.13183594,1.0
-0.00071984826,-0.09277344,1.0
-0.017195897,-0.11230469,1.0
-0.045771886,-0.13183594,1.0
0.009770365,-0.08300781,1.0
-0.009756115,-0.09765625,1.0
-0.014771767,-0.09277344,1.0
-0.022372123,-0.107421875,1.0
-0.0078727035,-0.087890625,1.0
-0.018749079,-0.107421875,1.0
0.015756514,-0.07324219,1.0
-0.060167164,-0.12207031,1.0
-0.051193535,-0.11230469,1.0
0.016442679,-0.078125,1.0
-0.017627815,-0.11230469,1.0
0.011459077,-0.08300781,1.0
0.022141565,-0.07324219,1.0
0.011227535,-0.08300781,1.0
0.00051741826,-0.09765625,1.0
0.0035021454,-0.09277344,1.0
0.014897997,-0.087890625,1.0
-0.018874725,-0.107421875,1.0
0.015662868,-0.07324219,1.0
0.00644824,-0.08300781,1.0
-0.013271952,-0.10253906,1.0
-0.012463332,-0.09277344,1.0
-0.032533664,-0.13183594,1.0
-0.043091588,-0.12695312,1.0
-0.03279545,-0.11230469,1.0
0.014020173,-0.09277344,1.0
0.03605694,-0.06347656,1.0
-0.0047121895,-0.107421875,1.0
0.024414688,-0.068359375,1.0
0.023790888,-0.068359375,1.0
0.0077549354,-0.078125,1.0
0.013364924,-0.08300781,1.0
-0.041561827,-0.12207031,1.0
-0.035937175,-0.12207031,1.0
-0.0066052703,-0.10253906,1.0
0.01890904,-0.078125,1.0
-0.024297882,-0.09765625,1.0
-0.056241773,-0.12207031,1.0
0.008232442,-0.09277344,1.0
-0.0038910627,-0.087890625,1.0
-0.037651934,-0.11230469,1.0
-0.040411156,-0.12695312,1.0
-0.011077679,-0.09765625,1.0
-0.012003193,-0.10253906,1.0
-0.056598853,-0.13671875,1.0
-0.049987588,-0.13183594,1.0
-0.042038426,-0.12695312,1.0
0.0036428012,-0.08300781,1.0
-0.006851618,-0.09765625,1.0
-0.042833306,-0.1171875,1.0
0.032393843,-0.068359375,1.0
-0.05145044,-0.12695312,1.0
-0.017531995,-0.087890625,1.0
-0.0052137165,-0.09277344,1.0
0.04125657,-0.068359375,1.0
-0.008326495,-0.107421875,1.0
-0.00685515,-0.11230469,1.0
0.009114261,-0.087890625,1.0
-0.045454107,-0.14160156,1.0
0.06137552,-0.048828125,1.0
-0.013495234,-0.10253906,1.0
0.016267492,-0.087890625,1.0
-0.016473347,-0.107421875,1.0
0.030511415,-0.07324219,1.0
-0.01703017,-0.10253906,1.0
-0.014734099,-0.12207031,1.0
-0.009333432,-0.10253906,1.0
-0.024542147,-0.107421875,1.0
-0.022303134,-0.1171875,1.0
-0.008379812,-0.10253906,1.0
-0.0112871695,-0.107421875,1.0
-0.043266904,-0.11230469,1.0
-0.038613476,-0.13183594,1.0
0.012415415,-0.078125,1.0
0.008323106,-0.07324219,1.0
0.0014618784,-0.09277344,1.0
-0.00620478,-0.087890625,1.0
0.001231534,-0.087890625,1.0
0.000611417,-0.10253906,1.0
-0.025112405,-0.12207031,1.0
-0.018961107,-0.107421875,1.0
-0.004775913,-0.10253906,1.0
-0.020302165,-0.1171875,1.0
0.02842483,-0.07324219,1.0
-0.030574065,-0.11230469,1.0
0.016060706,-0.07324219,1.0
-0.038796395,-0.13671875,1.0
-0.07830741,-0.15136719,1.0
0.00081224216,-0.087890625,1.0
-0.041153323,-0.12695312,1.0
0.006003312,-0.08300781,1.0
-0.013004795,-0.10253906,1.0
-0.0582335,-0.12695312,1.0
-0.009071933,-0.09765625,1.0
-0.01655146,-0.09765625,1.0
-0.034180015,-0.107421875,1.0
-0.015125344,-0.107421875,1.0
-0.042830266,-0.13671875,1.0
-0.037579335,-0.12207031,1.0
0.014040222,-0.078125,1.0
0.018381432,-0.08300781,1.0
-0.039997447,-0.13183594,1.0
-0.020690832,-0.11230469,1.0
0.005921744,-0.09765625,1.0
0.035327516,-0.078125,1.0
0.03512182,-0.07324219,1.0
0.014828227,-0.07324219,1.0
-0.024883084,-0.107421875,1.0
-0.00528842,-0.10253906,1.0
0.0011013963,-0.09765625,1.0
-0.033553865,-0.09277344,1.0
-0.0042684716,-0.09765625,1.0
0.016212309,-0.08300781,1.0
-0.037180014,-0.12207031,1.0
0.0042136726,-0.087890625,1.0
-0.02676883,-0.10253906,1.0
-0.057538934,-0.14160156,1.0
0.011259235,-0.068359375,1.0
-0.03794294,-0.1171875,1.0
-0.020400928,-0.107421875,1.0
0.010839099,-0.09765625,1.0
-0.02145196,-0.1171875,1.0
-0.010053421,-0.10253906,1.0
0.016012799,-0.078125,1.0
-0.028414771,-0.12207031,1.0
-0.013266856,-0.107421875,1.0
0.018474543,-0.078125,1.0
-0.017192766,-0.10253906,1.0
-0.0020221495,-0.09277344,1.0
0.011923085,-0.068359375,1.0
-0.023353819,-0.1171875,1.0
-0.055703223,-0.14648438,1.0
-0.0027040287,-0.08300781,1.0
0.0051703574,-0.087890625,1.0
0.008286765,-0.08300781,1.0
-0.007250714,-0.11230469,1.0
-0.012694024,-0.10253906,1.0
-0.022597183,-0.11230469,1.0
-0.030065462,-0.1171875,1.0
0.0066214264,-0.087890625,1.0
-0.04795642,-0.13183594,1.0
-0.03912467,-0.12695312,1.0
-0.05563273,-0.13671875,1.0
-0.04842014,-0.14160156,1.0
0.0065770047,-0.09277344,1.0
-0.029751629,-0.13183594,1.0
-0.10392815,-0.18554688,1.0
-0.06650393,-0.15136719,1.0
-0.05306412,-0.15625,1.0
0.018801419,-0.087890625,1.0
-0.0035447418,-0.09765625,1.0
0.018819043,-0.087890625,1.0
-0.023689948,-0.12695312,1.0
-0.043889392,-0.14648438,1.0
0.013282681,-0.08300781,1.0
-0.0449647,-0.13671875,1.0
-0.042740766,-0.14160156,1.0
-0.021931937,-0.10253906,1.0
-0.059130944,-0.15625,1.0
-0.03518883,-0.1171875,1.0
-0.09155899,-0.15136719,1.0
-0.024311636,-0.12207031,1.0
-0.026210148,-0.1171875,1.0
-0.08379679,-0.14648438,1.0
-0.049266852,-0.15136719,1.0
-0.07581586,-0.15625,1.0
-0.05357983,-0.15136719,1.0
-0.0831173,-0.17089844,1.0
-0.07840127,-0.17089844,1.0
-0.009484482,-0.09765625,1.0
-0.004952769,-0.09765625,1.0
0.0029084303,-0.08300781,1.0
-0.012798741,-0.09277344,1.0
-0.017855138,-0.107421875,1.0
-0.013522525,-0.107421875,1.0
-0.00093716756,-0.09765625,1.0
-0.01816963,-0.11230469,1.0
-0.06490821,-0.13671875,1.0
-0.04710875,-0.14160156,1.0
-0.007962758,-0.09277344,1.0
-0.03225318,-0.107421875,1.0
-0.029072504,-0.14160156,1.0
-0.040119328,-0.14160156,1.0
0.01580049,-0.087890625,1.0
-0.015535198,-0.09277344,1.0
-0.04264151,-0.10253906,1.0
-0.04540726,-0.14648438,1.0
-0.04941485,-0.14648438,1.0
-0.03634717,-0.11230469,1.0
-0.04288577,-0.12207031,1.0
-0.047279067,-0.14648438,1.0
-0.026814198,-0.107421875,1.0
-0.045847967,-0.15136719,1.0
-0.053340863,-0.12695312,1.0
-0.06477204,-0.14160156,1.0
-0.04082851,-0.13183594,1.0
0.0061103986,-0.09277344,1.0
-0.025535539,-0.1171875,1.0
-0.053328622,-0.14648438,1.0
-0.08194042,-0.17089844,1.0
-0.026942676,-0.1171875,1.0
-0.013335782,-0.1171875,1.0
-0.018122017,-0.107421875,1.0
-0.008999083,-0.107421875,1.0
-0.0653244,-0.15625,1.0
-0.0039912327,-0.09765625,1.0
-0.058775783,-0.14160156,1.0
-0.036660913,-0.13183594,1.0
-0.08897585,-0.16113281,1.0
-0.042208556,-0.11230469,1.0
-0.058325917,-0.14648438,1.0
0.015609394,-0.07324219,1.0
-0.08668778,-0.13183594,1.0
-0.03843104,-0.11230469,1.0
-0.048538383,-0.13671875,1.0
0.009433988,-0.08300781,1.0
-0.00021782685,-0.09765625,1.0
-0.07744766,-0.16113281,1.0
-0.053869665,-0.14160156,1.0
-0.033958618,-0.13183594,1.0
-0.013481709,-0.10253906,1.0
0.028853426,-0.06347656,1.0
-0.019674297,-0.11230469,1.0
-0.032822676,-0.107421875,1.0
-0.036843162,-0.1171875,1.0
-0.05998255,-0.14648438,1.0
-0.06414238,-0.14648438,1.0
-0.05072695,-0.14160156,1.0
-0.031095913,-0.13671875,1.0
-0.049031362,-0.14648438,1.0
-0.05052846,-0.12207031,1.0
-0.003739224,-0.09277344,1.0
-0.0071477247,-0.1171875,1.0
0.0016670317,-0.09765625,1.0
-0.030829433,-0.13671875,1.0
-0.05536262,-0.14160156,1.0
-0.011565639,-0.10253906,1.0
0.0003150072,-0.09277344,1.0
-0.031716328,-0.14160156,1.0
-0.01772544,-0.087890625,1.0
0.026895646,-0.087890625,1.0
-0.053806692,-0.14648438,1.0
-0.051877927,-0.14160156,1.0
-0.028387275,-0.13671875,1.0
-0.03379392,-0.13183594,1.0
0.005881603,-0.09765625,1.0
-0.042916484,-0.14648438,1.0
-0.008301424,-0.09765625,1.0
-0.014408434,-0.1171875,1.0
-0.04034809,-0.13183594,1.0
-0.026689839,-0.107421875,1.0
0.008845006,-0.087890625,1.0
-0.013935278,-0.107421875,1.0
-0.041590013,-0.14648438,1.0
-0.05391282,-0.15625,1.0
0.015800763,-0.08300781,1.0
-0.0028246492,-0.09277344,1.0
-0.016711269,-0.107421875,1.0
0.0060865385,-0.10253906,1.0
0.009007687,-0.09277344,1.0
-0.107041165,-0.18066406,1.0
-0.08061381,-0.14160156,1.0
0.029325107,-0.07324219,1.0
-0.037557986,-0.1171875,1.0
-0.07688986,-0.15625,1.0
-0.003206204,-0.09765625,1.0
0.007631409,-0.09277344,1.0
-0.09944372,-0.16601562,1.0
-0.035171382,-0.14160156,1.0
-0.021962661,-0.1171875,1.0
-0.0331447,-0.13183594,1.0
-0.08338968,-0.17089844,1.0
-0.06394107,-0.16113281,1.0
-0.031778183,-0.13671875,1.0
-0.028510388,-0.11230469,1.0
-0.076593824,-0.17089844,1.0
-0.075682536,-0.17089844,1.0
0.006079319,-0.10253906,1.0
-0.01951259,-0.10253906,1.0
0.014056539,-0.087890625,1.0
-0.043146677,-0.14160156,1.0
-4.9716233e-05,-0.09765625,1.0
-0.01086027,-0.11230469,1.0
-0.07670693,-0.16601562,1.0
-0.058725983,-0.15625,1.0
-0.004508632,-0.11230469,1.0
-0.046555854,-0.14160156,1.0
-0.026724413,-0.11230469,1.0
0.030734759,-0.07324219,1.0
-0.05153484,-0.15136719,1.0
0.014092624,-0.07324219,1.0
-0.079461694,-0.16601562,1.0
-0.07436288,-0.16601562,1.0
-0.013072692,-0.10253906,1.0
-0.009182687,-0.11230469,1.0
-0.007710782,-0.10253906,1.0
-0.043098368,-0.15136719,1.0
-0.074449435,-0.16601562,1.0
-0.0074004782,-0.09765625,1.0
-0.039495103,-0.15136719,1.0
0.0049195862,-0.10253906,1.0
-0.07349925,-0.16113281,1.0
-0.00911172,-0.09765625,1.0
-0.005257523,-0.107421875,1.0
-0.03970567,-0.13671875,1.0
-0.032321744,-0.13183594,1.0
-0.024536436,-0.13183594,1.0
0.015589245,-0.09277344,1.0
-0.04855572,-0.12207031,1.0
-0.06294735,-0.14160156,1.0
-0.067773744,-0.16601562,1.0
-0.012178613,-0.11230469,1.0
-0.03794191,-0.14160156,1.0
0.000524047,-0.087890625,1.0
-0.029956039,-0.14160156,1.0
-0.026648914,-0.12207031,1.0
-0.05003146,-0.14160156,1.0
-0.024218503,-0.11230469,1.0
-0.08484413,-0.17578125,1.0
0.0015210279,-0.087890625,1.0
-0.043175835,-0.14648438,1.0
-0.019006785,-0.12695312,1.0
0.01752886,-0.087890625,1.0
0.00986744,-0.09277344,1.0
-0.044489376,-0.14648438,1.0
-0.04924754,-0.15136719,1.0
-0.05412373,-0.15136719,1.0
-0.05115558,-0.15625,1.0
-0.045985475,-0.13671875,1.0
-0.051590987,-0.15625,1.0
0.01612252,-0.08300781,1.0
-0.0073827296,-0.10253906,1.0
-0.047406655,-0.15136719,1.0
0.024843674,-0.087890625,1.0
-0.0027149902,-0.08300781,1.0
-0.02854968,-0.12207031,1.0
-0.021671647,-0.107421875,1.0
-0.030674452,-0.12207031,1.0
-0.014882602,-0.10253906,1.0
-0.05501006,-0.15136719,1.0
-0.045463875,-0.14648438,1.0
-0.074291445,-0.16113281,1.0
0.022090314,-0.087890625,1.0
-0.052659553,-0.12695312,1.0
-0.07724587,-0.17089844,1.0
-0.0044064126,-0.107421875,1.0
-0.08302903,-0.16601562,1.0
-0.1014182,-0.17578125,1.0
-0.0134636285,-0.11230469,1.0
-0.03342163,-0.12207031,1.0
-0.049979318,-0.15136719,1.0
-0.008246788,-0.10253906,1.0
-0.01214592,-0.10253906,1.0
-0.011931441,-0.12207031,1.0
-0.037596956,-0.12695312,1.0
-0.012214587,-0.10253906,1.0
-0.02405133,-0.107421875,1.0
0.0049540857,-0.09277344,1.0
-0.057869814,-0.14648438,1.0
-0.0597877,-0.15625,1.0
-0.014003481,-0.1171875,1.0
-0.041976485,-0.13671875,1.0
0.017152306,-0.08300781,1.0
-0.014343661,-0.10253906,1.0
-0.0013232685,-0.10253906,1.0
-0.010439734,-0.09765625,1.0
-0.032167207,-0.14160156,1.0
-0.033480205,-0.14160156,1.0
0.024531672,-0.087890625,1.0
-0.001096826,-0.10253906,1.0
-0.03857036,-0.13671875,1.0
-0.023246786,-0.1171875,1.0
-0.0041680513,-0.11230469,1.0
-0.014811764,-0.11230469,1.0
-0.016392924,-0.10253906,1.0
-0.045124583,-0.14648438,1.0
-0.0357821,-0.13671875,1.0
-0.047607522,-0.14648438,1.0
-0.044098258,-0.14160156,1.0
-0.004981947,-0.1171875,1.0
-0.046033803,-0.1171875,1.0
-0.04849597,-0.13183594,1.0
-0.034674935,-0.11230469,1.0
-0.06250781,-0.16113281,1.0
-0.02276573,-0.13183594,1.0
-0.039708443,-0.13183594,1.0
0.011258054,-0.08300781,1.0
-0.06347422,-0.15136719,1.0
-0.015872458,-0.09765625,1.0
-0.036458727,-0.107421875,1.0
-0.018018031,-0.09765625,1.0
-0.10511432,-0.17578125,1.0
-0.037140496,-0.13671875,1.0
-0.0050556385,-0.09765625,1.0
-0.024884585,-0.107421875,1.0
-0.058852293,-0.16113281,1.0
-0.015676517,-0.12695312,1.0
-0.032928996,-0.1171875,1.0
-0.035716597,-0.13183594,1.0
-0.0014173284,-0.107421875,1.0
-0.0037462567,-0.09765625,1.0
0.004332931,-0.09277344,1.0
-0.06860432,-0.15625,1.0
-0.014036517,-0.1171875,1.0
-0.017467853,-0.1171875,1.0
-0.06660567,-0.16113281,1.0
-0.0051813265,-0.11230469,1.0
-0.018702244,-0.13183594,1.0
-0.016054163,-0.09765625,1.0
-0.0007206254,-0.09277344,1.0
-0.039088033,-0.13671875,1.0
-0.009658803,-0.09765625,1.0
-0.01971379,-0.12207031,1.0
0.022953833,-0.07324219,1.0
0.0013974558,-0.10253906,1.0
-0.03330011,-0.12207031,1.0
-0.08865433,-0.16601562,1.0
-0.030480783,-0.12207031,1.0
-0.03130472,-0.1171875,1.0
0.011663687,-0.08300781,1.0
-0.029595468,-0.1171875,1.0
-0.01817436,-0.09765625,1.0
-0.031480473,-0.12207031,1.0
-0.012160034,-0.12207031,1.0
0.001663062,-0.11230469,1.0
-0.028808713,-0.12207031,1.0
-0.029900337,-0.12695312,1.0
-0.033277906,-0.14648438,1.0
-0.054806776,-0.15625,1.0
0.025034409,-0.078125,1.0
0.0155686345,-0.08300781,1.0
-0.023991257,-0.12695312,1.0
0.009276658,-0.09277344,1.0
0.01797684,-0.08300781,1.0
-0.0422183,-0.14160156,1.0
0.007291692,-0.087890625,1.0
-0.03425952,-0.13671875,1.0
-0.04897601,-0.14648438,1.0
-0.04803277,-0.15136719,1.0
-0.017316183,-0.1171875,1.0
0.03464628,-0.07324219,1.0
-0.009049169,-0.10253906,1.0
-0.04835584,-0.14648438,1.0
-0.040830802,-0.12695312,1.0
-0.031637676,-0.13183594,1.0
-0.021844441,-0.12695312,1.0
-0.028191512,-0.12695312,1.0
0.005033446,-0.08300781,1.0
0.0053999526,-0.087890625,1.0
-0.036916852,-0.13671875,1.0
-0.022297557,-0.107421875,1.0
0.02664048,-0.078125,1.0
-0.03328134,-0.14160156,1.0
-0.018895444,-0.107421875,1.0
-0.012423212,-0.10253906,1.0
-0.05841154,-0.15136719,1.0
-0.040762797,-0.11230469,1.0
-0.045743335,-0.14160156,1.0
-0.06002941,-0.15625,1.0
-0.001668796,-0.10253906,1.0
-0.021307433,-0.12207031,1.0
0.01281797,-0.09277344,1.0
-0.0015694067,-0.10253906,1.0
-0.029145714,-0.12695312,1.0
-0.06955597,-0.15136719,1.0
-0.116515696,-0.1953125,1.0
-0.06174066,-0.14648438,1.0
-0.043681853,-0.13671875,1.0
0.03480909,-0.078125,1.0
-0.008151981,-0.11230469,1.0
0.0022137936,-0.09277344,1.0
0.0357898,-0.068359375,1.0
-0.0005612828,-0.09765625,1.0
-0.0421331,-0.14648438,1.0
-0.042090822,-0.13671875,1.0
-0.042964194,-0.14160156,1.0
0.03020134,-0.06347656,1.0
-0.06410055,-0.16601562,1.0
-0.02580432,-0.12207031,1.0
-0.08837485,-0.16113281,1.0
-0.03684678,-0.14160156,1.0
0.013311881,-0.07324219,1.0
-0.014649063,-0.09277344,1.0
-0.015666371,-0.09765625,1.0
0.028858876,-0.07324219,1.0
-0.0036899887,-0.107421875,1.0
-0.014465745,-0.11230469,1.0
-0.020348955,-0.11230469,1.0
-0.002605717,-0.09277344,1.0
-0.005078329,-0.1171875,1.0
-0.015134257,-0.107421875,1.0
-0.0034922839,-0.09765625,1.0
-0.02472191,-0.12207031,1.0
-0.06655423,-0.16113281,1.0
-0.015176736,-0.10253906,1.0
-0.075200714,-0.16113281,1.0
-0.036318053,-0.12207031,1.0
0.0050336285,-0.087890625,1.0
-0.022829616,-0.12207031,1.0
-0.057555057,-0.15625,1.0
-0.02937906,-0.11230469,1.0
0.03149155,-0.06347656,1.0
-0.016312405,-0.09765625,1.0
0.015926005,-0.09277344,1.0
-0.074867725,-0.15136719,1.0
-0.0073598674,-0.10253906,1.0
-0.033206727,-0.14160156,1.0
0.023056429,-0.087890625,1.0
-0.02124774,-0.10253906,1.0
-0.016048262,-0.11230469,1.0
-0.009720423,-0.1171875,1.0
0.0017591224,-0.09765625,1.0
-0.05070734,-0.14160156,1.0
0.034819752,-0.078125,1.0
-0.03636939,-0.1171875,1.0
-0.06701348,-0.15625,1.0
0.008217813,-0.09277344,1.0
-0.023243425,-0.12207031,1.0
-0.003716284,-0.12207031,1.0
0.0042233826,-0.08300781,1.0
-0.03690926,-0.13183594,1.0
-0.0046921195,-0.10253906,1.0
-0.017819116,-0.12207031,1.0
-0.019976247,-0.107421875,1.0
0.0015483617,-0.09277344,1.0
-0.009009125,-0.087890625,1.0
-0.034525163,-0.14160156,1.0
-0.013558698,-0.107421875,1.0
-0.04018933,-0.15136719,1.0
-0.012914097,-0.11230469,1.0
-0.023272375,-0.11230469,1.0
-0.025027063,-0.12695312,1.0
-0.0124300625,-0.11230469,1.0
-0.04147355,-0.13671875,1.0
-0.029661512,-0.13671875,1.0
-0.03297286,-0.13183594,1.0
-0.01567547,-0.107421875,1.0
-0.04569444,-0.13671875,1.0
-0.010636168,-0.1171875,1.0
0.035860002,-0.08300781,1.0
0.0064811395,-0.08300781,1.0
-0.058327757,-0.15136719,1.0
-0.032669153,-0.12695312,1.0
0.014579642,-0.087890625,1.0
0.03998908,-0.06347656,1.0
-0.007745455,-0.1171875,1.0
-0.015188983,-0.1171875,1.0
-0.04205516,-0.15136719,1.0
0.010695192,-0.09277344,1.0
-0.03477295,-0.12695312,1.0
0.00016393102,-0.09765625,1.0
0.028793748,-0.078125,1.0
-0.0018871606,-0.11230469,1.0
0.034588017,-0.068359375,1.0
-0.016414333,-0.12207031,1.0
-0.027257834,-0.14160156,1.0
0.035338745,-0.068359375,1.0
-0.038084306,-0.11230469,1.0
0.037447993,-0.078125,1.0
-0.0033527403,-0.09765625,1.0
0.046958365,-0.07324219,1.0
-0.0042732423,-0.09765625,1.0
-0.009927091,-0.107421875,1.0
-0.0170119,-0.09765625,1.0
-0.019858796,-0.12695312,1.0
0.026217666,-0.078125,1.0
0.005853998,-0.09277344,1.0
-0.0006348338,-0.09277344,1.0
-0.024218092,-0.12695312,1.0
-0.014745317,-0.107421875,1.0
0.01771987,-0.078125,1.0
-0.019097043,-0.12695312,1.0
-0.019908901,-0.107421875,1.0
0.07256705,-0.029296875,1.0
-0.062473755,-0.17578125,1.0
0.008741474,-0.09277344,1.0
-0.009072592,-0.1171875,1.0
0.029889341,-0.08300781,1.0
0.028071934,-0.078125,1.0
-0.012301293,-0.107421875,1.0
-0.012251414,-0.12207031,1.0
0.048166536,-0.05859375,1.0
-0.03859657,-0.15136719,1.0
-0.008719834,-0.1171875,1.0
-0.044817705,-0.15136719,1.0
-0.0130756395,-0.11230469,1.0
-0.04736174,-0.15136719,1.0
-0.087096594,-0.17578125,1.0
-0.038174815,-0.13671875,1.0
-0.07919164,-0.17578125,1.0
-0.024947543,-0.13183594,1.0
-0.01541009,-0.1171875,1.0
-0.009332383,-0.11230469,1.0
-0.037655655,-0.12207031,1.0
0.04595824,-0.07324219,1.0
0.053802647,-0.05859375,1.0
0.011640536,-0.09277344,1.0
-0.0086177755,-0.107421875,1.0
-0.017206097,-0.107421875,1.0
0.034676053,-0.078125,1.0
-0.011527001,-0.12207031,1.0
-0.014095126,-0.12207031,1.0
-0.039536886,-0.12207031,1.0
-0.033498716,-0.13183594,1.0
0.050583474,-0.07324219,1.0
-0.030442724,-0.14160156,1.0
-0.026420612,-0.1171875,1.0
-0.0067217215,-0.09277344,1.0
0.0030541911,-0.107421875,1.0
-0.02109288,-0.12207031,1.0
-0.09818346,-0.18554688,1.0
-0.07477002,-0.14648438,1.0
-0.027117807,-0.11230469,1.0
-0.029052526,-0.12695312,1.0
0.0035983592,-0.09765625,1.0
-0.056585092,-0.15625,1.0
-0.065095365,-0.13183594,1.0
-0.0065859915,-0.10253906,1.0
0.015455589,-0.078125,1.0
0.032505922,-0.05859375,1.0
-0.005441322,-0.12207031,1.0
-0.043323807,-0.14160156,1.0
-0.04094607,-0.12695312,1.0
0.0059974603,-0.09277344,1.0
0.027473817,-0.078125,1.0
0.021786056,-0.09277344,1.0
-0.0422414,-0.14648438,1.0
-0.017451432,-0.12207031,1.0
-0.036424834,-0.13183594,1.0
-0.0069564595,-0.13183594,1.0
-0.0052983104,-0.09277344,1.0
0.027694378,-0.08300781,1.0
-0.04309232,-0.15136719,1.0
-0.0053849285,-0.08300781,1.0
-0.025570381,-0.1171875,1.0
-0.058571436,-0.14160156,1.0
0.06919312,-0.034179688,1.0
-0.019560298,-0.10253906,1.0
-0.030269524,-0.11230469,1.0
-0.001746612,-0.09765625,1.0
-0.062502526,-0.17578125,1.0
-0.048753586,-0.14160156,1.0
-0.0044724448,-0.11230469,1.0
-0.003270574,-0.09765625,1.0
0.01127541,-0.08300781,1.0
-0.040908985,-0.12207031,1.0
-0.03483061,-0.13183594,1.0
-0.03928745,-0.13671875,1.0
0.0063656336,-0.10253906,1.0
-0.0039608353,-0.09765625,1.0
-0.05084013,-0.15136719,1.0
-0.0022346824,-0.09277344,1.0
-0.0030983214,-0.09765625,1.0
-0.040358253,-0.12695312,1.0
-0.047334388,-0.14648438,1.0
-0.050312817,-0.14160156,1.0
0.030693363,-0.078125,1.0
0.002619648,-0.09765625,1.0
-1.3080239e-05,-0.10253906,1.0
0.022823293,-0.08300781,1.0
0.021767516,-0.07324219,1.0
-0.011155979,-0.1171875,1.0
-0.0035072863,-0.09277344,1.0
-0.04941491,-0.14160156,1.0
0.0018307075,-0.09277344,1.0
-0.018127564,-0.107421875,1.0
0.011532979,-0.087890625,1.0
-0.10752314,-0.18554688,1.0
0.04328693,-0.07324219,1.0
-0.04982684,-0.13671875,1.0
-0.011589041,-0.10253906,1.0
-0.002393458,-0.107421875,1.0
-0.00023192093,-0.10253906,1.0
0.008306914,-0.08300781,1.0
0.014832631,-0.078125,1.0
-0.0401792,-0.14160156,1.0
0.007913066,-0.09765625,1.0
-0.04940464,-0.14648438,1.0
-0.05092041,-0.14648438,1.0
0.033862133,-0.078125,1.0
-0.029234761,-0.12695312,1.0
-0.0407099,-0.12207031,1.0
-0.0036096424,-0.107421875,1.0
0.008449872,-0.09765625,1.0
-0.024881754,-0.13183594,1.0
-0.03310036,-0.12207031,1.0
0.02373788,-0.08300781,1.0
-0.030679768,-0.12207031,1.0
-0.020101521,-0.1171875,1.0
-0.031022212,-0.13183594,1.0
0.008061936,-0.09765625,1.0
0.023328733,-0.068359375,1.0
-0.0038690239,-0.10253906,1.0
0.0010952745,-0.10253906,1.0
-0.04166525,-0.13183594,1.0
-0.018669376,-0.12695312,1.0
0.04207506,-0.05859375,1.0
-0.0007419186,-0.09765625,1.0
-0.06480452,-0.15136719,1.0
-0.005718295,-0.11230469,1.0
-0.047215767,-0.14648438,1.0
-0.021218657,-0.107421875,1.0
0.01650899,-0.087890625,1.0
0.015247136,-0.09765625,1.0
-0.05289538,-0.14648438,1.0
-0.015574063,-0.1171875,1.0
-0.037149586,-0.14160156,1.0
-0.055390976,-0.14160156,1.0
-0.025065785,-0.11230469,1.0
-0.008029678,-0.09277344,1.0
-0.02011808,-0.107421875,1.0
-0.061520685,-0.15625,1.0
-0.015230161,-0.107421875,1.0
-0.077863425,-0.17578125,1.0
-0.04179827,-0.15625,1.0
-0.016641174,-0.1171875,1.0
-0.055671494,-0.14160156,1.0
-0.022911463,-0.12695312,1.0
-0.034121294,-0.13671875,1.0
0.027318448,-0.07324219,1.0
0.005490911,-0.087890625,1.0
-0.056068957,-0.14648438,1.0
0.03975495,-0.07324219,1.0
-0.044955563,-0.15136719,1.0
-0.06259523,-0.14648438,1.0
-0.056589942,-0.13671875,1.0
0.052503068,-0.05859375,1.0
-0.009718541,-0.11230469,1.0
-0.02618662,-0.13183594,1.0
0.010754969,-0.087890625,1.0
-0.028956229,-0.13183594,1.0
-0.012385861,-0.107421875,1.0
-0.0036281361,-0.09765625,1.0
0.001912276,-0.107421875,1.0
-0.003929028,-0.107421875,1.0
-0.021843998,-0.107421875,1.0
-0.026868636,-0.12695312,1.0
-0.008110202,-0.107421875,1.0
0.011865511,-0.078125,1.0
0.007790836,-0.107421875,1.0
-0.05202099,-0.14160156,1.0
-0.049501102,-0.15136719,1.0
-0.040477414,-0.14160156,1.0
0.02966179,-0.087890625,1.0
-0.10616467,-0.18066406,1.0
0.017802581,-0.08300781,1.0
0.0013077542,-0.09765625,1.0
0.018538548,-0.078125,1.0
-0.036584254,-0.14648438,1.0
-0.033247847,-0.11230469,1.0
0.01755939,-0.078125,1.0
-0.010468964,-0.11230469,1.0
0.02975518,-0.06347656,1.0
-0.039671384,-0.12207031,1.0
-0.05355019,-0.16601562,1.0
-0.007064622,-0.09765625,1.0
-0.0308357,-0.11230469,1.0
0.0028224424,-0.09765625,1.0
-0.024050226,-0.1171875,1.0
-0.024981853,-0.12695312,1.0
-0.040645465,-0.15136719,1.0
-0.02036102,-0.11230469,1.0
0.0041105924,-0.09765625,1.0
-0.054545492,-0.17089844,1.0
-0.05131631,-0.15136719,1.0
0.0012558857,-0.11230469,1.0
-0.050118744,-0.15136719,1.0
-0.0006331589,-0.11230469,1.0
0.021397766,-0.087890625,1.0
0.010274504,-0.087890625,1.0
-0.0034066886,-0.10253906,1.0
0.0044717034,-0.08300781,1.0
-0.009943789,-0.1171875,1.0
0.032039713,-0.06347656,1.0
0.02042757,-0.08300781,1.0
-0.028971374,-0.1171875,1.0
0.0055365264,-0.10253906,1.0
-0.012851991,-0.10253906,1.0
0.0052876147,-0.09765625,1.0
0.0047065825,-0.10253906,1.0
0.042656112,-0.068359375,1.0
-0.020831656,-0.1171875,1.0
-0.00116214,-0.087890625,1.0
0.0024004313,-0.10253906,1.0
-0.022901433,-0.12695312,1.0
-0.015874257,-0.107421875,1.0
-0.022885382,-0.10253906,1.0
-0.05110643,-0.15136719,1.0
0.043597072,-0.068359375,1.0
-0.056260355,-0.14648438,1.0
-0.036030523,-0.14648438,1.0
-0.008344193,-0.087890625,1.0
-0.036469597,-0.13671875,1.0
0.005429987,-0.107421875,1.0
-0.028958896,-0.1171875,1.0
0.00015973896,-0.11230469,1.0
-0.011473705,-0.107421875,1.0
-0.0011331905,-0.09277344,1.0
-0.018407507,-0.12207031,1.0
-0.05999229,-0.15625,1.0
0.0064505623,-0.087890625,1.0
-0.053788483,-0.14648438,1.0
-0.051802676,-0.1171875,1.0
-0.06736986,-0.16113281,1.0
-0.060289443,-0.15136719,1.0
-0.049060576,-0.15136719,1.0
-0.0014844633,-0.087890625,1.0
-0.042607356,-0.12695312,1.0
-0.030464765,-0.12695312,1.0
-0.019782297,-0.10253906,1.0
0.023756642,-0.08300781,1.0
0.005053451,-0.08300781,1.0
-0.029832631,-0.12695312,1.0
-0.02565617,-0.11230469,1.0
-0.019587345,-0.1171875,1.0
-0.039552838,-0.14160156,1.0
-0.07045456,-0.14648438,1.0
-0.040050525,-0.12207031,1.0
-0.043635603,-0.12695312,1.0
-0.032256033,-0.13671875,1.0
-0.021685624,-0.12695312,1.0
0.009214899,-0.107421875,1.0
-0.03470866,-0.13183594,1.0
-0.013329898,-0.10253906,1.0
-0.004253662,-0.09277344,1.0
-0.004282056,-0.107421875,1.0
0.005992423,-0.09765625,1.0
0.027487338,-0.068359375,1.0
-0.017771533,-0.11230469,1.0
-0.009341063,-0.107421875,1.0
-0.046672814,-0.13671875,1.0
-0.014952883,-0.1171875,1.0
-0.04944404,-0.14648438,1.0
0.0030450895,-0.09765625,1.0
0.012862678,-0.08300781,1.0
0.01371194,-0.078125,1.0
-0.042628177,-0.14160156,1.0
0.03287487,-0.07324219,1.0
0.017593646,-0.087890625,1.0
0.029526923,-0.078125,1.0
0.012370336,-0.087890625,1.0
0.020106783,-0.078125,1.0
-0.053138994,-0.15625,1.0
0.04876376,-0.06347656,1.0
0.005963574,-0.10253906,1.0
-0.0007650934,-0.10253906,1.0
0.014969053,-0.09277344,1.0
-0.00679223,-0.11230469,1.0
0.009908179,-0.09277344,1.0
0.010741726,-0.09277344,1.0
-0.06988102,-0.17089844,1.0
0.0010508985,-0.09765625,1.0
0.0350388,-0.07324219,1.0
0.03279542,-0.08300781,1.0
-0.009195849,-0.11230469,1.0
-0.007290815,-0.09277344,1.0
-0.016868558,-0.1171875,1.0
-0.014322469,-0.10253906,1.0
-0.027883852,-0.12207031,1.0
-0.05933547,-0.15625,1.0
-0.032543603,-0.12207031,1.0
-0.007678136,-0.11230469,1.0
0.021531073,-0.078125,1.0
-0.0058631636,-0.107421875,1.0
-0.0269579,-0.13183594,1.0
-0.015812483,-0.12207031,1.0
-0.014351654,-0.12207031,1.0
-0.0026785757,-0.107421875,1.0
0.033441633,-0.06347656,1.0
-0.053500522,-0.14648438,1.0
-0.0317049,-0.12695312,1.0
0.0044059865,-0.078125,1.0
-0.04753436,-0.14648438,1.0
0.009152961,-0.09765625,1.0
0.014617999,-0.087890625,1.0
0.034072608,-0.07324219,1.0
-0.03526111,-0.12695312,1.0
-0.030453075,-0.14648438,1.0
0.03631387,-0.078125,1.0
-0.028271373,-0.12695312,1.0
0.013455118,-0.09277344,1.0
0.019783622,-0.078125,1.0
0.045045674,-0.05859375,1.0
0.021651175,-0.08300781,1.0
0.026768599,-0.068359375,1.0
-0.033987902,-0.13183594,1.0
-0.047441673,-0.15136719,1.0
-0.03981774,-0.12207031,1.0
-0.017476415,-0.107421875,1.0
0.0025109977,-0.08300781,1.0
0.0063156397,-0.087890625,1.0
0.05158472,-0.043945312,1.0
-0.016953247,-0.11230469,1.0
0.021172803,-0.087890625,1.0
-0.0375406,-0.13183594,1.0
0.04044492,-0.053710938,1.0
-0.0089299735,-0.107421875,1.0
-0.02429357,-0.12695312,1.0
-0.018423095,-0.1171875,1.0
-0.00655438,-0.107421875,1.0
0.04403334,-0.068359375,1.0
-0.034513775,-0.1171875,1.0
0.043077994,-0.078125,1.0
-0.0028623813,-0.09765625,1.0
0.005976814,-0.09765625,1.0
0.021672806,-0.08300781,1.0
0.0007351693,-0.09277344,1.0
-0.022851791,-0.1171875,1.0
0.007442306,-0.09277344,1.0
-0.00069211225,-0.11230469,1.0
0.010619285,-0.087890625,1.0
-0.0087852115,-0.107421875,1.0
0.011176694,-0.09277344,1.0
-0.013827087,-0.1171875,1.0
-0.027357424,-0.12207031,1.0
-0.026412508,-0.13183594,1.0
-0.0075136437,-0.09277344,1.0
-0.035330784,-0.11230469,1.0
-0.014480156,-0.1171875,1.0
0.016491622,-0.07324219,1.0
-0.02010778,-0.1171875,1.0
-0.028374648,-0.14160156,1.0
0.024772454,-0.078125,1.0
-0.053798605,-0.15625,1.0
-0.0061275056,-0.11230469,1.0
-0.02291945,-0.11230469,1.0
-0.014696619,-0.107421875,1.0
-0.027614702,-0.12695312,1.0
-0.0025083981,-0.11230469,1.0
0.034594096,-0.06347656,1.0
-0.007837556,-0.11230469,1.0
-0.025288638,-0.12207031,1.0
-0.064134635,-0.13671875,1.0
-0.012535301,-0.11230469,1.0
-0.04717078,-0.15136719,1.0
0.016337875,-0.087890625,1.0
-0.037679896,-0.14648438,1.0
-0.0016022362,-0.107421875,1.0
0.009721655,-0.087890625,1.0
-0.0052950545,-0.107421875,1.0
-0.030653203,-0.1171875,1.0
0.040055014,-0.07324219,1.0
-0.03315301,-0.12695312,1.0
-0.0036285608,-0.11230469,1.0
0.0044251536,-0.09277344,1.0
-0.029583126,-0.1171875,1.0
-0.030932495,-0.12207031,1.0
-0.025922403,-0.1171875,1.0
-0.013188575,-0.11230469,1.0
-0.039391223,-0.12207031,1.0
0.019216571,-0.07324219,1.0
-0.03614603,-0.12695312,1.0
0.014122626,-0.09277344,1.0
-0.003938009,-0.10253906,1.0
-0.029833198,-0.1171875,1.0
0.0079891365,-0.10253906,1.0
0.0068864627,-0.09277344,1.0
-0.0017188356,-0.10253906,1.0
-0.002386558,-0.09765625,1.0
-0.027798718,-0.13183594,1.0
0.019183911,-0.08300781,1.0
-0.01275408,-0.11230469,1.0
-0.00482717,-0.11230469,1.0
0.025111776,-0.07324219,1.0
-0.009733236,-0.12207031,1.0
0.024706118,-0.068359375,1.0
0.013507272,-0.08300781,1.0
0.017052615,-0.078125,1.0
-0.00040305796,-0.09765625,1.0
-0.04289211,-0.15625,1.0
0.07363854,-0.0390625,1.0
0.022039305,-0.09765625,1.0
-0.047129404,-0.14648438,1.0
-0.002471996,-0.087890625,1.0
0.004554557,-0.10253906,1.0
0.035395347,-0.08300781,1.0
0.014703433,-0.08300781,1.0
-0.016921986,-0.12695312,1.0
-0.042185567,-0.15625,1.0
-0.008787392,-0.1171875,1.0
-0.04904107,-0.15136719,1.0
0.03208501,-0.078125,1.0
-0.018174782,-0.10253906,1.0
0.01532639,-0.087890625,1.0
0.011283701,-0.107421875,1.0
0.0026392224,-0.08300781,1.0
0.05763936,-0.048828125,1.0
0.029940326,-0.078125,1.0
-0.027408877,-0.13671875,1.0
-0.008932477,-0.11230469,1.0
-0.04429085,-0.15136719,1.0
-0.02523598,-0.13671875,1.0
-0.06872018,-0.16601562,1.0
-0.023471024,-0.11230469,1.0
0.010561165,-0.09765625,1.0
-0.022588257,-0.12695312,1.0
0.016288083,-0.08300781,1.0
0.010278264,-0.08300781,1.0
-0.038317055,-0.16113281,1.0
0.049863018,-0.053710938,1.0
0.0085003665,-0.107421875,1.0
-0.043831054,-0.14648438,1.0
0.05212938,-0.07324219,1.0
-0.022155512,-0.12695312,1.0
-0.04418356,-0.14648438,1.0
-0.012742785,-0.107421875,1.0
0.0013150068,-0.09765625,1.0
-0.043191485,-0.14160156,1.0
0.0078034713,-0.09277344,1.0
-0.0032100722,-0.11230469,1.0
0.054158986,-0.05859375,1.0
0.041026678,-0.06347656,1.0
-0.021938493,-0.12695312,1.0
-0.06753488,-0.18066406,1.0
0.03289836,-0.068359375,1.0
0.0047356016,-0.09277344,1.0
0.00728281,-0.087890625,1.0
0.023991475,-0.078125,1.0
0.027003774,-0.08300781,1.0
-0.013147449,-0.107421875,1.0
-0.03126247,-0.12695312,1.0
-0.025481328,-0.12695312,1.0
0.013681415,-0.09277344,1.0
-0.059053164,-0.16113281,1.0
0.02059568,-0.09277344,1.0
-0.020278996,-0.12207031,1.0
-0.0250732,-0.13671875,1.0
0.014729652,-0.09277344,1.0
0.0017043896,-0.09277344,1.0
0.016788458,-0.09765625,1.0
0.025831169,-0.08300781,1.0
0.015050219,-0.08300781,1.0
0.015495433,-0.087890625,1.0
0.019471366,-0.08300781,1.0
-0.026317855,-0.13671875,1.0
0.024763262,-0.087890625,1.0
-0.04268318,-0.14648438,1.0
-0.049860664,-0.14648438,1.0
-0.06687426,-0.16601562,1.0
0.05393049,-0.06347656,1.0
0.0064628273,-0.08300781,1.0
0.020435309,-0.07324219,1.0
0.03742667,-0.068359375,1.0
-0.040677257,-0.14648438,1.0
0.036440425,-0.07324219,1.0
0.029256651,-0.07324219,1.0
-0.012719646,-0.1171875,1.0
0.018028444,-0.08300781,1.0
0.007623987,-0.107421875,1.0
0.025730882,-0.087890625,1.0
-0.042016957,-0.14648438,1.0
-0.047549464,-0.15625,1.0
-0.054980505,-0.14648438,1.0
-0.08047885,-0.17089844,1.0
0.016089343,-0.087890625,1.0
-0.040319335,-0.13671875,1.0
-0.059633397,-0.15625,1.0
-0.017619256,-0.12207031,1.0
-0.0013390571,-0.10253906,1.0
-0.062546685,-0.15136719,1.0
0.0073039234,-0.087890625,1.0
-0.020337304,-0.1171875,1.0
-0.006610123,-0.09765625,1.0
0.0072874674,-0.08300781,1.0
-0.03287508,-0.13671875,1.0
-0.0032545023,-0.087890625,1.0
-0.047101244,-0.14648438,1.0
0.012720513,-0.08300781,1.0
0.016197976,-0.09765625,1.0
0.018143322,-0.09765625,1.0
0.0061158114,-0.10253906,1.0
-0.05721281,-0.15625,1.0
-0.0013715886,-0.10253906,1.0
0.063357696,-0.053710938,1.0
-0.025039071,-0.12695312,1.0
-0.027776647,-0.12207031,1.0
0.026047248,-0.08300781,1.0
0.014725812,-0.10253906,1.0
0.00094638916,-0.107421875,1.0
-0.0067817494,-0.09765625,1.0
0.0075931773,-0.11230469,1.0
-0.0020299733,-0.09277344,1.0
-0.021129826,-0.12695312,1.0
-0.051178258,-0.16113281,1.0
0.02003182,-0.08300781,1.0
0.006529033,-0.09765625,1.0
0.008571799,-0.09765625,1.0
0.029452253,-0.07324219,1.0
0.014059162,-0.09277344,1.0
-0.013492728,-0.13183594,1.0
-0.012285108,-0.12695312,1.0
0.064539865,-0.048828125,1.0
-0.058668982,-0.14648438,1.0
-0.003517765,-0.107421875,1.0
0.0205792,-0.07324219,1.0
0.015624908,-0.087890625,1.0
0.036933236,-0.068359375,1.0
-0.025908168,-0.13183594,1.0
0.03693136,-0.087890625,1.0
0.0064810985,-0.09765625,1.0
-0.069506615,-0.17578125,1.0
0.009335806,-0.09277344,1.0
-0.002671109,-0.10253906,1.0
0.039177347,-0.068359375,1.0
-0.03074425,-0.13671875,1.0
0.005387587,-0.087890625,1.0
0.015470898,-0.09277344,1.0
-0.007709609,-0.1171875,1.0
-0.021780489,-0.1171875,1.0
-0.016058754,-0.12695312,1.0
-0.009759399,-0.1171875,1.0
0.009730461,-0.08300781,1.0
0.02782535,-0.078125,1.0
0.018418109,-0.09277344,1.0
0.014496112,-0.09765625,1.0
-0.03065827,-0.14160156,1.0
-0.005619347,-0.1171875,1.0
0.020391507,-0.087890625,1.0
-0.010559501,-0.11230469,1.0
0.01692964,-0.09765625,1.0
0.031627927,-0.087890625,1.0
0.022675525,-0.078125,1.0
0.01933831,-0.087890625,1.0
-0.0072612064,-0.107421875,1.0
0.040711183,-0.078125,1.0
0.019643297,-0.087890625,1.0
0.047389165,-0.068359375,1.0
0.019003863,-0.08300781,1.0
-0.03269662,-0.13183594,1.0
0.010228097,-0.09765625,1.0
0.03256027,-0.07324219,1.0
-0.006379597,-0.10253906,1.0
0.032796375,-0.078125,1.0
-0.013987285,-0.13183594,1.0
-0.02798388,-0.13183594,1.0
-0.03186341,-0.12695312,1.0
0.051779173,-0.068359375,1.0
0.03398931,-0.07324219,1.0
0.02867501,-0.08300781,1.0
0.034823947,-0.07324219,1.0
-0.031828888,-0.13183594,1.0
-0.018370157,-0.1171875,1.0
0.0015768973,-0.107421875,1.0
0.021563953,-0.08300781,1.0
-0.07411152,-0.16601562,1.0
-0.030546268,-0.13183594,1.0
0.021805808,-0.09765625,1.0
-0.0051108813,-0.11230469,1.0
-0.0457684,-0.13671875,1.0
0.0059712008,-0.09277344,1.0
0.009488525,-0.09765625,1.0
0.041730948,-0.068359375,1.0
0.03801634,-0.07324219,1.0
-0.04379689,-0.14648438,1.0
-0.034882993,-0.12207031,1.0
0.021574978,-0.07324219,1.0
-0.004030063,-0.08300781,1.0
0.0071604936,-0.10253906,1.0
-0.04144206,-0.13671875,1.0
0.031662155,-0.07324219,1.0
-0.04956694,-0.14160156,1.0
-0.03161618,-0.13671875,1.0
0.024977732,-0.08300781,1.0
-0.030153781,-0.13671875,1.0
0.04047407,-0.078125,1.0
-0.025675867,-0.12207031,1.0
0.014620741,-0.087890625,1.0
0.02490642,-0.078125,1.0
0.027434975,-0.08300781,1.0
-0.03320707,-0.12695312,1.0
0.019108558,-0.08300781,1.0
-0.04443326,-0.15625,1.0
0.056509666,-0.05859375,1.0
0.01683785,-0.087890625,1.0
-0.03182438,-0.13183594,1.0
0.01002422,-0.09277344,1.0
-0.018356899,-0.1171875,1.0
0.035412185,-0.078125,1.0
0.02668815,-0.07324219,1.0
-0.063004516,-0.16113281,1.0
0.015021382,-0.09765625,1.0
-0.036430642,-0.15136719,1.0
0.0062498213,-0.11230469,1.0
-0.08400591,-0.18066406,1.0
0.00017751715,-0.107421875,1.0
0.035651304,-0.07324219,1.0
0.03694765,-0.07324219,1.0
-0.040135603,-0.14648438,1.0
0.023860158,-0.078125,1.0
0.027190048,-0.07324219,1.0
-0.009653313,-0.10253906,1.0
-0.059964955,-0.15625,1.0
-0.0442592,-0.13183594,1.0
0.026116114,-0.087890625,1.0
0.046953805,-0.068359375,1.0
-0.010191383,-0.1171875,1.0
-0.024232721,-0.12207031,1.0
-0.03049841,-0.13671875,1.0
-0.018055871,-0.1171875,1.0
-0.0060499012,-0.11230469,1.0
-0.044801228,-0.13671875,1.0
0.0118182795,-0.09277344,1.0
-0.039050546,-0.13671875,1.0
0.03264003,-0.07324219,1.0
0.0035771444,-0.09765625,1.0
0.0052872747,-0.10253906,1.0
0.015049109,-0.087890625,1.0
0.029614354,-0.08300781,1.0
0.020656142,-0.08300781,1.0
0.011409369,-0.09277344,1.0
0.025493348,-0.068359375,1.0
0.0015475139,-0.11230469,1.0
0.0024505302,-0.10253906,1.0
-0.012954449,-0.1171875,1.0
0.06297729,-0.048828125,1.0
-0.03156894,-0.14160156,1.0
-0.024679866,-0.12207031,1.0
-0.07437785,-0.17089844,1.0
-0.008137387,-0.1171875,1.0
0.01727688,-0.08300781,1.0
0.0040355027,-0.09765625,1.0
-0.002369096,-0.107421875,1.0
0.005294179,-0.087890625,1.0
0.034786094,-0.07324219,1.0
-0.0114794485,-0.1171875,1.0
-0.0076413425,-0.10253906,1.0
0.0042286394,-0.10253906,1.0
0.015848413,-0.078125,1.0
0.05110983,-0.05859375,1.0
-0.031266138,-0.13671875,1.0
0.051061094,-0.05859375,1.0
-0.01260864,-0.1171875,1.0
-0.035525385,-0.12207031,1.0
0.018766522,-0.087890625,1.0
0.022319188,-0.087890625,1.0
-0.017337956,-0.12695312,1.0
0.01755144,-0.087890625,1.0
0.017395426,-0.078125,1.0
0.06742486,-0.053710938,1.0
0.006367334,-0.10253906,1.0
