-0.22577544,-0.234375,1.0
-0.18691006,-0.20507812,1.0
-0.16719124,-0.19042969,1.0
-0.20240073,-0.22949219,1.0
-0.17301264,-0.18554688,1.0
-0.1603206,-0.17089844,1.0
-0.20409396,-0.20019531,1.0
-0.19850525,-0.20996094,1.0
-0.21835692,-0.21484375,1.0
-0.1646225,-0.18066406,1.0
-0.12598152,-0.15136719,1.0
-0.15564403,-0.18066406,1.0
-0.14416072,-0.16601562,1.0
-0.24615903,-0.25390625,1.0
-0.16206679,-0.17578125,1.0
-0.14412285,-0.16601562,1.0
-0.14738464,-0.16601562,1.0
-0.16236146,-0.18554688,1.0
-0.1713961,-0.1953125,1.0
-0.18783627,-0.20019531,1.0
-0.15563966,-0.17578125,1.0
-0.16528796,-0.17578125,1.0
-0.16345896,-0.17578125,1.0
-0.22644623,-0.22949219,1.0
-0.18629189,-0.20507812,1.0
-0.1725261,-0.20019531,1.0
-0.16750793,-0.18554688,1.0
-0.14670667,-0.17089844,1.0
-0.21893664,-0.234375,1.0
-0.14945008,-0.16113281,1.0
-0.19627754,-0.21484375,1.0
-0.13190027,-0.15136719,1.0
-0.16813366,-0.18066406,1.0
-0.18045262,-0.20019531,1.0
-0.1783414,-0.21484375,1.0
-0.11813994,-0.13671875,1.0
-0.21721128,-0.234375,1.0
-0.1665569,-0.18554688,1.0
-0.1971395,-0.21484375,1.0
-0.14499429,-0.17089844,1.0
-0.17060164,-0.1953125,1.0
-0.1579354,-0.17578125,1.0
-0.1826708,-0.19042969,1.0
-0.14188081,-0.16113281,1.0
-0.1824493,-0.20019531,1.0
-0.16420995,-0.17578125,1.0
-0.13344593,-0.15625,1.0
-0.16629109,-0.18554688,1.0
-0.16841774,-0.19042969,1.0
-0.21869397,-0.22460938,1.0
-0.119320154,-0.14648438,1.0
-0.1935279,-0.20507812,1.0
-0.16501859,-0.17089844,1.0
-0.13864282,-0.16113281,1.0
-0.1354582,-0.16601562,1.0
-0.18956256,-0.20996094,1.0
-0.164197,-0.18066406,1.0
-0.17153355,-0.19042969,1.0
-0.13577935,-0.17089844,1.0
-0.15862353,-0.19042969,1.0
-0.17332599,-0.19042969,1.0
-0.18094179,-0.20019531,1.0
-0.23105145,-0.234375,1.0
-0.19345902,-0.20507812,1.0
-0.14601688,-0.17089844,1.0
-0.18275675,-0.20019531,1.0
-0.18743691,-0.21484375,1.0
-0.1421937,-0.17578125,1.0
-0.16693112,-0.1953125,1.0
-0.10863429,-0.12695312,1.0
-0.15697774,-0.18066406,1.0
-0.12574282,-0.16601562,1.0
-0.1688575,-0.19042969,1.0
-0.1642493,-0.18554688,1.0
-0.17829669,-0.1953125,1.0
-0.15025224,-0.1953125,1.0
-0.1522177,-0.16601562,1.0
-0.15275672,-0.17089844,1.0
-0.18002231,-0.20507812,1.0
-0.109149836,-0.13671875,1.0
-0.12929231,-0.16113281,1.0
-0.1934447,-0.20507812,1.0
-0.1379001,-0.17089844,1.0
-0.15835764,-0.19042969,1.0
-0.14805345,-0.17089844,1.0
-0.13332503,-0.15136719,1.0
-0.13588068,-0.16601562,1.0
-0.113059685,-0.15136719,1.0
-0.16271868,-0.19042969,1.0
-0.13582748,-0.15625,1.0
-0.16665332,-0.20019531,1.0
-0.17415571,-0.1953125,1.0
-0.12438023,-0.15625,1.0
-0.16120444,-0.19042969,1.0
-0.16024658,-0.19042969,1.0
-0.17350475,-0.20507812,1.0
-0.18010122,-0.20019531,1.0
-0.12804231,-0.14648438,1.0
-0.12685347,-0.15625,1.0
-0.14584129,-0.17089844,1.0
-0.14815298,-0.17578125,1.0
-0.13345207,-0.16601562,1.0
-0.13916728,-0.16601562,1.0
-0.1298857,-0.17089844,1.0
-0.16718207,-0.20019531,1.0
-0.14746885,-0.17089844,1.0
-0.13330783,-0.16601562,1.0
-0.17097144,-0.20019531,1.0
-0.14030941,-0.17578125,1.0
-0.1435785,-0.17089844,1.0
-0.12267254,-0.15625,1.0
-0.12817557,-0.16113281,1.0
-0.16588512,-0.19042969,1.0
-0.13455632,-0.17089844,1.0
-0.1687495,-0.1953125,1.0
-0.11716852,-0.14648438,1.0
-0.10703516,-0.14648438,1.0
-0.1650754,-0.19042969,1.0
-0.14025322,-0.17578125,1.0
-0.12268512,-0.16113281,1.0
-0.14617793,-0.17089844,1.0
-0.08908352,-0.1171875,1.0
-0.08059703,-0.11230469,1.0
-0.08951513,-0.12207031,1.0
-0.08451347,-0.12207031,1.0
-0.09466362,-0.1171875,1.0
-0.06347809,-0.09765625,1.0
-0.09302714,-0.11230469,1.0
-0.09318974,-0.1171875,1.0
-0.086745135,-0.12207031,1.0
-0.11529572,-0.14160156,1.0
-0.09270781,-0.12207031,1.0
-0.0868826,-0.1171875,1.0
-0.104898795,-0.13671875,1.0
-0.07734157,-0.1171875,1.0
-0.10912075,-0.13671875,1.0
-0.08615504,-0.11230469,1.0
-0.08436613,-0.107421875,1.0
-0.13161793,-0.15136719,1.0
-0.10737403,-0.12695312,1.0
-0.090359405,-0.12207031,1.0
-0.10803491,-0.13671875,1.0
-0.10675462,-0.12695312,1.0
-0.09253417,-0.1171875,1.0
-0.07750715,-0.10253906,1.0
-0.08126779,-0.11230469,1.0
-0.11900489,-0.14160156,1.0
-0.12166591,-0.14648438,1.0
-0.10399739,-0.12695312,1.0
-0.091093674,-0.1171875,1.0
-0.11918701,-0.15136719,1.0
-0.10371282,-0.14160156,1.0
-0.087230265,-0.1171875,1.0
-0.10100794,-0.13183594,1.0
-0.097452626,-0.12695312,1.0
-0.04717775,-0.087890625,1.0
-0.08584602,-0.13183594,1.0
-0.07964085,-0.09765625,1.0
-0.1262643,-0.14160156,1.0
-0.07328303,-0.09277344,1.0
-0.09350523,-0.1171875,1.0
-0.09602721,-0.11230469,1.0
-0.12242409,-0.13671875,1.0
-0.085040234,-0.12207031,1.0
-0.08400766,-0.11230469,1.0
-0.12660997,-0.13183594,1.0
-0.098503664,-0.1171875,1.0
-0.07483691,-0.10253906,1.0
-0.10518171,-0.13183594,1.0
-0.07326044,-0.09765625,1.0
-0.115343235,-0.13183594,1.0
-0.110787556,-0.13183594,1.0
-0.13080828,-0.14648438,1.0
-0.0724801,-0.107421875,1.0
-0.07551014,-0.107421875,1.0
-0.08129147,-0.11230469,1.0
-0.08330979,-0.1171875,1.0
-0.0779375,-0.11230469,1.0
-0.08739971,-0.12207031,1.0
-0.1199878,-0.13671875,1.0
-0.10489564,-0.14160156,1.0
-0.04497696,-0.09765625,1.0
-0.05378295,-0.10253906,1.0
-0.11431849,-0.14648438,1.0
-0.07506386,-0.107421875,1.0
-0.0527908,-0.087890625,1.0
-0.042823154,-0.087890625,1.0
-0.085655056,-0.13671875,1.0
-0.04771356,-0.09277344,1.0
-0.09070748,-0.107421875,1.0
-0.09304347,-0.1171875,1.0
-0.0978045,-0.13671875,1.0
-0.06130855,-0.09765625,1.0
-0.03836111,-0.078125,1.0
-0.027896026,-0.078125,1.0
-0.09610727,-0.12695312,1.0
-0.06724336,-0.107421875,1.0
-0.06988017,-0.09765625,1.0
-0.07715288,-0.1171875,1.0
-0.063101485,-0.107421875,1.0
-0.049860056,-0.10253906,1.0
-0.07181966,-0.107421875,1.0
-0.088568345,-0.12207031,1.0
-0.02605098,-0.08300781,1.0
-0.048170015,-0.09277344,1.0
-0.09648136,-0.13183594,1.0
-0.0542098,-0.09765625,1.0
-0.093044296,-0.13183594,1.0
-0.0798418,-0.11230469,1.0
-0.06627294,-0.10253906,1.0
-0.10892044,-0.14160156,1.0
-0.058052022,-0.10253906,1.0
-0.10008097,-0.13671875,1.0
-0.06735708,-0.087890625,1.0
-0.05768011,-0.087890625,1.0
-0.08863993,-0.1171875,1.0
-0.050739706,-0.08300781,1.0
-0.1055759,-0.12695312,1.0
-0.07974013,-0.10253906,1.0
-0.077513136,-0.10253906,1.0
-0.11448034,-0.14160156,1.0
-0.083709404,-0.11230469,1.0
-0.03726257,-0.09277344,1.0
-0.054628056,-0.09277344,1.0
-0.049299933,-0.09277344,1.0
-0.06796734,-0.09765625,1.0
-0.080423385,-0.107421875,1.0
-0.1235358,-0.14160156,1.0
-0.106818035,-0.13671875,1.0
-0.12213216,-0.15136719,1.0
-0.094085425,-0.12207031,1.0
-0.13731284,-0.16113281,1.0
-0.0945584,-0.1171875,1.0
-0.10035189,-0.1171875,1.0
-0.061247837,-0.10253906,1.0
-0.11172619,-0.14160156,1.0
-0.026125845,-0.07324219,1.0
-0.0731701,-0.1171875,1.0
-0.0958202,-0.13183594,1.0
-0.051123936,-0.10253906,1.0
-0.08717121,-0.11230469,1.0
-0.08615716,-0.12695312,1.0
-0.09099156,-0.107421875,1.0
-0.10840467,-0.13183594,1.0
-0.08226146,-0.11230469,1.0
-0.08628254,-0.1171875,1.0
-0.07915591,-0.107421875,1.0
-0.08302987,-0.107421875,1.0
-0.07704922,-0.11230469,1.0
-0.09904947,-0.13183594,1.0
-0.10259011,-0.13183594,1.0
-0.08261196,-0.1171875,1.0
-0.09345866,-0.12207031,1.0
-0.0126380455,-0.053710938,1.0
-0.060399257,-0.09765625,1.0
-0.11565819,-0.13671875,1.0
-0.08012495,-0.107421875,1.0
-0.0452179,-0.078125,1.0
-0.07633428,-0.107421875,1.0
-0.07178829,-0.1171875,1.0
-0.0834194,-0.1171875,1.0
-0.04087324,-0.087890625,1.0
-0.09264384,-0.12695312,1.0
-0.02978069,-0.07324219,1.0
-0.070764974,-0.10253906,1.0
-0.0495358,-0.078125,1.0
-0.081414446,-0.09277344,1.0
-0.030521631,-0.078125,1.0
-0.029038334,-0.07324219,1.0
-0.05209768,-0.09277344,1.0
-0.0272854,-0.07324219,1.0
-0.05788362,-0.10253906,1.0
-0.023536881,-0.07324219,1.0
-0.05934737,-0.11230469,1.0
-0.0741654,-0.09277344,1.0
-0.058620654,-0.107421875,1.0
-0.07984714,-0.11230469,1.0
-0.095226824,-0.12207031,1.0
-0.10821259,-0.13183594,1.0
-0.113502145,-0.14160156,1.0
-0.05977429,-0.087890625,1.0
-0.08721304,-0.12207031,1.0
-0.09478474,-0.11230469,1.0
-0.11516397,-0.14648438,1.0
-0.08531607,-0.11230469,1.0
-0.08116847,-0.11230469,1.0
-0.047791116,-0.087890625,1.0
-0.07906278,-0.09765625,1.0
-0.09536686,-0.13183594,1.0
-0.06048941,-0.087890625,1.0
-0.088105306,-0.12207031,1.0
-0.09476067,-0.12207031,1.0
-0.109700225,-0.13183594,1.0
-0.10580603,-0.12695312,1.0
-0.10284612,-0.12695312,1.0
-0.042125482,-0.08300781,1.0
-0.055390276,-0.09277344,1.0
-0.13830453,-0.16601562,1.0
-0.09976599,-0.12207031,1.0
-0.08352651,-0.10253906,1.0
-0.07912595,-0.09765625,1.0
-0.064596966,-0.087890625,1.0
-0.096964225,-0.107421875,1.0
-0.103505805,-0.12207031,1.0
-0.08292459,-0.10253906,1.0
-0.122089565,-0.13671875,1.0
-0.06341036,-0.08300781,1.0
-0.11973436,-0.13183594,1.0
-0.11303804,-0.12207031,1.0
-0.10661397,-0.1171875,1.0
-0.12934454,-0.14160156,1.0
-0.111184016,-0.12695312,1.0
-0.117704675,-0.12695312,1.0
-0.096130356,-0.107421875,1.0
-0.13385111,-0.13671875,1.0
-0.109579846,-0.1171875,1.0
-0.093929775,-0.11230469,1.0
-0.10594876,-0.1171875,1.0
-0.11619761,-0.12695312,1.0
-0.10987852,-0.1171875,1.0
-0.07155819,-0.078125,1.0
-0.10792979,-0.12695312,1.0
-0.109600425,-0.1171875,1.0
-0.11700014,-0.12695312,1.0
-0.0860257,-0.107421875,1.0
-0.11152442,-0.12207031,1.0
-0.100807585,-0.1171875,1.0
-0.08515115,-0.107421875,1.0
-0.060967773,-0.08300781,1.0
-0.097280875,-0.12695312,1.0
-0.09708772,-0.12207031,1.0
-0.06082957,-0.087890625,1.0
-0.12412617,-0.14648438,1.0
-0.15628764,-0.17089844,1.0
-0.12501793,-0.14160156,1.0
-0.082690984,-0.10253906,1.0
-0.109952055,-0.13183594,1.0
-0.10425265,-0.12207031,1.0
-0.11840212,-0.13671875,1.0
-0.10790999,-0.13183594,1.0
-0.09864532,-0.1171875,1.0
-0.048169073,-0.07324219,1.0
-0.07629333,-0.10253906,1.0
-0.12784746,-0.14160156,1.0
-0.13161674,-0.14648438,1.0
-0.1224391,-0.14648438,1.0
-0.07883988,-0.09277344,1.0
-0.058395885,-0.078125,1.0
-0.09268999,-0.107421875,1.0
-0.14020136,-0.16113281,1.0
-0.06651889,-0.09765625,1.0
-0.060600407,-0.08300781,1.0
-0.122354105,-0.14160156,1.0
-0.13657941,-0.14648438,1.0
-0.11775656,-0.13183594,1.0
-0.13347031,-0.14648438,1.0
-0.085983284,-0.09765625,1.0
-0.10258447,-0.1171875,1.0
-0.07007629,-0.078125,1.0
-0.07251173,-0.08300781,1.0
-0.13579473,-0.14648438,1.0
-0.12502559,-0.12695312,1.0
-0.110049866,-0.1171875,1.0
-0.092650756,-0.10253906,1.0
-0.13057642,-0.13183594,1.0
-0.13460854,-0.13671875,1.0
-0.13325493,-0.13671875,1.0
-0.12384242,-0.12695312,1.0
-0.11776362,-0.1171875,1.0
-0.13374433,-0.13183594,1.0
-0.12337561,-0.12207031,1.0
-0.1262985,-0.12695312,1.0
-0.11165979,-0.11230469,1.0
-0.1190394,-0.12207031,1.0
-0.14735353,-0.14648438,1.0
-0.14512639,-0.14648438,1.0
-0.091700196,-0.09277344,1.0
-0.12555355,-0.12695312,1.0
-0.13326049,-0.13183594,1.0
-0.13614929,-0.13671875,1.0
-0.115999684,-0.12207031,1.0
-0.116437435,-0.1171875,1.0
-0.15192413,-0.15625,1.0
-0.13370356,-0.13183594,1.0
-0.117837235,-0.1171875,1.0
-0.14835188,-0.14648438,1.0
-0.11485311,-0.11230469,1.0
-0.16120723,-0.15625,1.0
-0.13064857,-0.13183594,1.0
-0.16649611,-0.16601562,1.0
-0.13370197,-0.13183594,1.0
-0.10213003,-0.10253906,1.0
-0.09709394,-0.09765625,1.0
-0.12899122,-0.12207031,1.0
-0.16396885,-0.15625,1.0
-0.1746973,-0.17089844,1.0
-0.18631443,-0.18066406,1.0
-0.16740939,-0.16113281,1.0
-0.118632935,-0.107421875,1.0
-0.15184167,-0.14648438,1.0
-0.1990037,-0.1953125,1.0
-0.16033582,-0.15136719,1.0
-0.16960287,-0.16113281,1.0
-0.13270752,-0.12695312,1.0
-0.1610873,-0.15625,1.0
-0.18121693,-0.17578125,1.0
-0.12504935,-0.11230469,1.0
-0.14944647,-0.14160156,1.0
-0.14578906,-0.13671875,1.0
-0.19093183,-0.18066406,1.0
-0.14695689,-0.14160156,1.0
-0.12621,-0.1171875,1.0
-0.14534181,-0.13671875,1.0
-0.17992702,-0.17089844,1.0
-0.123092435,-0.11230469,1.0
-0.15361935,-0.14648438,1.0
-0.19121629,-0.18066406,1.0
-0.09506066,-0.087890625,1.0
-0.1297126,-0.12207031,1.0
-0.13240662,-0.12207031,1.0
-0.16212887,-0.15136719,1.0
-0.16310279,-0.15625,1.0
-0.14831588,-0.13671875,1.0
-0.18971534,-0.18066406,1.0
-0.16147521,-0.15136719,1.0
-0.11687851,-0.107421875,1.0
-0.14040169,-0.13183594,1.0
-0.13549602,-0.12695312,1.0
-0.16255638,-0.15625,1.0
-0.1380554,-0.13183594,1.0
-0.17086962,-0.16601562,1.0
-0.16595705,-0.15625,1.0
-0.14532046,-0.14160156,1.0
-0.14159393,-0.13183594,1.0
-0.19173124,-0.18554688,1.0
-0.15822265,-0.15136719,1.0
-0.18045127,-0.17089844,1.0
-0.15002899,-0.14160156,1.0
-0.15466961,-0.14648438,1.0
-0.17377909,-0.16601562,1.0
-0.1488858,-0.14160156,1.0
-0.14674376,-0.14160156,1.0
-0.15183048,-0.14160156,1.0
-0.14931165,-0.14160156,1.0
-0.15787145,-0.15136719,1.0
-0.14113566,-0.13183594,1.0
-0.1594468,-0.15625,1.0
-0.15909983,-0.15136719,1.0
-0.17797649,-0.17089844,1.0
-0.10641859,-0.10253906,1.0
-0.14121175,-0.13183594,1.0
-0.1924673,-0.18554688,1.0
-0.1368905,-0.12695312,1.0
-0.17228386,-0.16601562,1.0
-0.16266432,-0.15625,1.0
-0.19235492,-0.18554688,1.0
-0.15901688,-0.15625,1.0
-0.1754385,-0.16601562,1.0
-0.13921781,-0.13183594,1.0
-0.10474737,-0.09277344,1.0
-0.1658096,-0.15625,1.0
-0.08975949,-0.08300781,1.0
-0.117148235,-0.107421875,1.0
-0.14493822,-0.13671875,1.0
-0.15115374,-0.14160156,1.0
-0.14569116,-0.13671875,1.0
-0.15331136,-0.14648438,1.0
-0.18613856,-0.17578125,1.0
-0.1482193,-0.14160156,1.0
-0.1430291,-0.13671875,1.0
-0.15665054,-0.15136719,1.0
-0.15739743,-0.15136719,1.0
-0.16582221,-0.16113281,1.0
-0.14475295,-0.13671875,1.0
-0.13548213,-0.12695312,1.0
-0.13743362,-0.13183594,1.0
-0.18507841,-0.18066406,1.0
-0.14498636,-0.14160156,1.0
-0.1450083,-0.14160156,1.0
-0.14862698,-0.14648438,1.0
-0.13242117,-0.12695312,1.0
-0.15988417,-0.15625,1.0
-0.16788337,-0.16113281,1.0
-0.17136326,-0.16601562,1.0
-0.13698956,-0.13671875,1.0
-0.13784781,-0.13671875,1.0
-0.13563474,-0.13183594,1.0
-0.17110832,-0.16601562,1.0
-0.13173676,-0.13183594,1.0
-0.1635007,-0.16113281,1.0
-0.16563895,-0.16113281,1.0
-0.11525319,-0.1171875,1.0
-0.18047547,-0.18066406,1.0
-0.12895708,-0.12695312,1.0
-0.1376872,-0.13671875,1.0
-0.10981973,-0.11230469,1.0
-0.12657718,-0.12695312,1.0
-0.14820962,-0.14648438,1.0
-0.15287986,-0.14648438,1.0
-0.12999986,-0.12695312,1.0
-0.1657853,-0.16113281,1.0
-0.118193805,-0.1171875,1.0
-0.16529246,-0.16113281,1.0
-0.1540387,-0.15136719,1.0
-0.09816153,-0.09765625,1.0
-0.14130291,-0.13671875,1.0
-0.15061751,-0.14648438,1.0
-0.17228337,-0.16601562,1.0
-0.14541301,-0.14160156,1.0
-0.13931534,-0.12695312,1.0
-0.16766872,-0.16113281,1.0
-0.09573145,-0.087890625,1.0
-0.16515982,-0.15625,1.0
-0.14945123,-0.14160156,1.0
-0.15846895,-0.15136719,1.0
-0.14398715,-0.13671875,1.0
-0.1475861,-0.13671875,1.0
-0.18488304,-0.18066406,1.0
-0.093362555,-0.078125,1.0
-0.14676954,-0.13671875,1.0
-0.16692026,-0.15625,1.0
-0.14516361,-0.13671875,1.0
-0.16414677,-0.15136719,1.0
-0.11932777,-0.11230469,1.0
-0.20601067,-0.1953125,1.0
-0.14870074,-0.13671875,1.0
-0.14495614,-0.13183594,1.0
-0.12603715,-0.11230469,1.0
-0.15993986,-0.14648438,1.0
-0.122054555,-0.11230469,1.0
-0.15006538,-0.13671875,1.0
-0.15413082,-0.14648438,1.0
-0.17679606,-0.16601562,1.0
-0.18947089,-0.18066406,1.0
-0.16278327,-0.15625,1.0
-0.15083376,-0.13671875,1.0
-0.16578117,-0.15625,1.0
-0.15309797,-0.14648438,1.0
-0.16292822,-0.15136719,1.0
-0.14845866,-0.13671875,1.0
-0.15910211,-0.15136719,1.0
-0.15372646,-0.14160156,1.0
-0.18271498,-0.17089844,1.0
-0.17437884,-0.16601562,1.0
-0.16954133,-0.15625,1.0
-0.15680777,-0.14648438,1.0
-0.15821685,-0.14648438,1.0
-0.13834465,-0.13183594,1.0
-0.1390312,-0.12695312,1.0
-0.12658115,-0.11230469,1.0
-0.1735622,-0.16113281,1.0
-0.15732518,-0.14648438,1.0
-0.18904093,-0.18066406,1.0
-0.17648709,-0.16601562,1.0
-0.19288942,-0.18066406,1.0
-0.14937639,-0.13671875,1.0
-0.12844601,-0.1171875,1.0
-0.16929999,-0.16113281,1.0
-0.12723683,-0.1171875,1.0
-0.17093408,-0.16113281,1.0
-0.17053364,-0.16113281,1.0
-0.17605451,-0.16601562,1.0
-0.1502089,-0.14160156,1.0
-0.13960466,-0.12695312,1.0
-0.16487941,-0.15625,1.0
-0.16841502,-0.16113281,1.0
-0.175052,-0.16113281,1.0
-0.13195145,-0.12207031,1.0
-0.14934571,-0.14160156,1.0
-0.14748463,-0.13671875,1.0
-0.17023113,-0.16113281,1.0
-0.14132075,-0.13183594,1.0
-0.13506949,-0.12695312,1.0
-0.1757936,-0.16601562,1.0
-0.15183048,-0.13671875,1.0
-0.14362024,-0.13671875,1.0
-0.15519656,-0.14160156,1.0
-0.14362223,-0.13183594,1.0
-0.20006923,-0.19042969,1.0
-0.15544474,-0.14160156,1.0
-0.14919908,-0.13671875,1.0
-0.13661274,-0.12695312,1.0
-0.12380556,-0.11230469,1.0
-0.12559834,-0.11230469,1.0
-0.17188823,-0.15625,1.0
-0.14777946,-0.13183594,1.0
-0.13080738,-0.12207031,1.0
-0.16578014,-0.15136719,1.0
-0.15079342,-0.14160156,1.0
-0.15527284,-0.14160156,1.0
-0.15612713,-0.14648438,1.0
-0.14540023,-0.13671875,1.0
-0.14854684,-0.13671875,1.0
-0.14341733,-0.13183594,1.0
-0.12913308,-0.1171875,1.0
-0.12038112,-0.107421875,1.0
-0.19771735,-0.18554688,1.0
-0.12647758,-0.1171875,1.0
-0.16565643,-0.15136719,1.0
-0.11787961,-0.107421875,1.0
-0.19158393,-0.18066406,1.0
-0.15250328,-0.13671875,1.0
-0.15771529,-0.14648438,1.0
-0.12274355,-0.107421875,1.0
-0.12804666,-0.1171875,1.0
-0.16044597,-0.14648438,1.0
-0.18820426,-0.17578125,1.0
-0.14214894,-0.12695312,1.0
-0.18691143,-0.17578125,1.0
-0.13186689,-0.12207031,1.0
-0.16612236,-0.15136719,1.0
-0.11508711,-0.10253906,1.0
-0.14780486,-0.13671875,1.0
-0.1508064,-0.14160156,1.0
-0.18770064,-0.17578125,1.0
-0.1552653,-0.14160156,1.0
-0.17906694,-0.17089844,1.0
-0.17197402,-0.16113281,1.0
-0.17100614,-0.16113281,1.0
-0.13179861,-0.12207031,1.0
-0.13817263,-0.12695312,1.0
-0.15161267,-0.14160156,1.0
-0.16882446,-0.15625,1.0
-0.1425417,-0.13183594,1.0
-0.17134723,-0.16113281,1.0
-0.12721035,-0.1171875,1.0
-0.15306662,-0.14160156,1.0
-0.16919161,-0.16113281,1.0
-0.1791039,-0.17089844,1.0
-0.14926231,-0.14160156,1.0
-0.16173905,-0.15136719,1.0
-0.08643311,-0.068359375,1.0
-0.15059945,-0.14160156,1.0
-0.16368349,-0.15625,1.0
-0.13331151,-0.12207031,1.0
-0.15525274,-0.14648438,1.0
-0.13927327,-0.13183594,1.0
-0.13520405,-0.12695312,1.0
-0.1731542,-0.16113281,1.0
-0.18474767,-0.17578125,1.0
-0.1861752,-0.17578125,1.0
-0.15180138,-0.14160156,1.0
-0.11807923,-0.11230469,1.0
-0.17024517,-0.16113281,1.0
-0.1698855,-0.16113281,1.0
-0.13510774,-0.12695312,1.0
-0.15377733,-0.14160156,1.0
-0.1894851,-0.17578125,1.0
-0.16940056,-0.15625,1.0
-0.14260274,-0.13183594,1.0
-0.16104934,-0.15136719,1.0
-0.16202794,-0.15625,1.0
-0.17033604,-0.16113281,1.0
-0.19495435,-0.18554688,1.0
-0.13726437,-0.12695312,1.0
-0.17118712,-0.16113281,1.0
-0.13090673,-0.12207031,1.0
-0.15852043,-0.15136719,1.0
-0.12884347,-0.1171875,1.0
-0.14680162,-0.13671875,1.0
-0.15094987,-0.13671875,1.0
-0.16192676,-0.15136719,1.0
-0.13482185,-0.12695312,1.0
-0.12710796,-0.1171875,1.0
-0.19454107,-0.18554688,1.0
-0.15066507,-0.14160156,1.0
-0.18043205,-0.17089844,1.0
-0.17798607,-0.17089844,1.0
-0.13140835,-0.12207031,1.0
-0.15347873,-0.14648438,1.0
-0.1876035,-0.17578125,1.0
-0.15665089,-0.15625,1.0
-0.15039371,-0.14160156,1.0
-0.1618186,-0.15625,1.0
-0.12750077,-0.12695312,1.0
-0.15126649,-0.14160156,1.0
-0.15024789,-0.14648438,1.0
-0.13395229,-0.13183594,1.0
-0.1505216,-0.14648438,1.0
-0.124019064,-0.12695312,1.0
-0.13593724,-0.13671875,1.0
-0.12972273,-0.13183594,1.0
-0.1201935,-0.12207031,1.0
-0.16687337,-0.16601562,1.0
-0.15583216,-0.15625,1.0
-0.15575835,-0.16113281,1.0
-0.10778657,-0.1171875,1.0
-0.12823711,-0.13183594,1.0
-0.102234766,-0.107421875,1.0
-0.12508047,-0.12695312,1.0
-0.10273212,-0.107421875,1.0
-0.15261681,-0.16113281,1.0
-0.07781345,-0.087890625,1.0
-0.11966612,-0.13183594,1.0
-0.099346355,-0.107421875,1.0
-0.098838374,-0.11230469,1.0
-0.12899724,-0.13671875,1.0
-0.1064774,-0.12207031,1.0
-0.110192515,-0.12695312,1.0
-0.10465908,-0.1171875,1.0
-0.119810954,-0.13183594,1.0
-0.14461601,-0.16601562,1.0
-0.0844291,-0.10253906,1.0
-0.121258296,-0.13671875,1.0
-0.10469624,-0.1171875,1.0
-0.08168218,-0.107421875,1.0
-0.09054716,-0.107421875,1.0
-0.06411173,-0.09277344,1.0
-0.06534709,-0.09277344,1.0
-0.07634008,-0.107421875,1.0
-0.14711842,-0.15625,1.0
-0.054983,-0.087890625,1.0
-0.08107513,-0.107421875,1.0
-0.11318861,-0.14160156,1.0
-0.088359095,-0.1171875,1.0
-0.15147302,-0.15625,1.0
-0.115527056,-0.12695312,1.0
-0.09600912,-0.107421875,1.0
-0.12064217,-0.13183594,1.0
-0.06322397,-0.087890625,1.0
-0.11892138,-0.13183594,1.0
-0.10506221,-0.12695312,1.0
-0.08538033,-0.10253906,1.0
-0.11373769,-0.12207031,1.0
-0.10881525,-0.12207031,1.0
-0.11136234,-0.13183594,1.0
-0.090161815,-0.11230469,1.0
-0.08006118,-0.107421875,1.0
-0.09719983,-0.11230469,1.0
-0.12380733,-0.13671875,1.0
-0.095730126,-0.10253906,1.0
-0.11736758,-0.13183594,1.0
-0.09638284,-0.11230469,1.0
-0.10638006,-0.11230469,1.0
-0.091848984,-0.107421875,1.0
-0.11640109,-0.12207031,1.0
-0.090110615,-0.10253906,1.0
-0.0993284,-0.107421875,1.0
-0.0972905,-0.1171875,1.0
-0.13259082,-0.14160156,1.0
-0.08699784,-0.09277344,1.0
-0.11228684,-0.1171875,1.0
-0.078550406,-0.09277344,1.0
-0.14849058,-0.16113281,1.0
-0.1102616,-0.12207031,1.0
-0.06717974,-0.08300781,1.0
-0.09811701,-0.107421875,1.0
-0.11748749,-0.12695312,1.0
-0.10585064,-0.12207031,1.0
-0.13035329,-0.14648438,1.0
-0.110752665,-0.11230469,1.0
-0.12225008,-0.14160156,1.0
-0.104890585,-0.12207031,1.0
-0.10619295,-0.12207031,1.0
-0.057281576,-0.08300781,1.0
-0.0706431,-0.09765625,1.0
-0.05117932,-0.078125,1.0
-0.05135387,-0.08300781,1.0
-0.08085407,-0.107421875,1.0
-0.1132645,-0.12695312,1.0
-0.06919259,-0.10253906,1.0
-0.10346253,-0.13183594,1.0
-0.0775946,-0.107421875,1.0
-0.08119954,-0.11230469,1.0
-0.07091838,-0.10253906,1.0
-0.02136134,-0.078125,1.0
-0.04127115,-0.09277344,1.0
-0.06448248,-0.10253906,1.0
-0.08959713,-0.12695312,1.0
-0.04954147,-0.087890625,1.0
-0.0693658,-0.1171875,1.0
-0.06320918,-0.10253906,1.0
-0.04651119,-0.09277344,1.0
-0.039209157,-0.08300781,1.0
-0.05142336,-0.09277344,1.0
-0.08710194,-0.107421875,1.0
-0.04906728,-0.08300781,1.0
-0.09362899,-0.12207031,1.0
-0.066427276,-0.09277344,1.0
-0.08381143,-0.107421875,1.0
-0.111539364,-0.13671875,1.0
-0.08784968,-0.12207031,1.0
-0.08477418,-0.10253906,1.0
-0.10952155,-0.13671875,1.0
-0.04936602,-0.087890625,1.0
-0.0905634,-0.12207031,1.0
-0.065202706,-0.09765625,1.0
-0.06106202,-0.09765625,1.0
-0.05189798,-0.08300781,1.0
-0.087535836,-0.11230469,1.0
-0.09115432,-0.107421875,1.0
-0.06819693,-0.09765625,1.0
-0.11489336,-0.13183594,1.0
-0.09125958,-0.107421875,1.0
-0.09618735,-0.12207031,1.0
-0.11148639,-0.13183594,1.0
-0.072675936,-0.09277344,1.0
-0.08680552,-0.11230469,1.0
-0.09097202,-0.11230469,1.0
-0.094681546,-0.11230469,1.0
-0.04516996,-0.07324219,1.0
-0.06738597,-0.09277344,1.0
-0.07114122,-0.09765625,1.0
-0.13676083,-0.15136719,1.0
-0.06917049,-0.087890625,1.0
-0.10788671,-0.12207031,1.0
-0.11817287,-0.14160156,1.0
-0.02855292,-0.05859375,1.0
-0.09451155,-0.12207031,1.0
-0.059378676,-0.09277344,1.0
-0.124424204,-0.14648438,1.0
-0.08791037,-0.11230469,1.0
-0.0735427,-0.10253906,1.0
-0.061600197,-0.107421875,1.0
-0.046957176,-0.08300781,1.0
-0.073794894,-0.09765625,1.0
-0.0911867,-0.13183594,1.0
-0.06989278,-0.10253906,1.0
-0.02951011,-0.07324219,1.0
-0.106442526,-0.14160156,1.0
-0.025356675,-0.078125,1.0
-0.09877193,-0.12695312,1.0
-0.035717033,-0.08300781,1.0
-0.027179878,-0.087890625,1.0
-0.03143282,-0.078125,1.0
-0.091111176,-0.11230469,1.0
-0.054579873,-0.09765625,1.0
-0.036445957,-0.08300781,1.0
-0.042147554,-0.09277344,1.0
-0.09907526,-0.12695312,1.0
-0.08012358,-0.10253906,1.0
-0.080498196,-0.107421875,1.0
-0.07998024,-0.10253906,1.0
-0.0953106,-0.12695312,1.0
-0.07917533,-0.12207031,1.0
-0.09592428,-0.11230469,1.0
-0.043626238,-0.078125,1.0
-0.07759559,-0.10253906,1.0
-0.05105079,-0.087890625,1.0
-0.06942431,-0.107421875,1.0
-0.037801366,-0.08300781,1.0
-0.056915767,-0.09277344,1.0
-0.09933699,-0.11230469,1.0
-0.10343812,-0.12695312,1.0
-0.102423966,-0.1171875,1.0
-0.068705864,-0.09765625,1.0
-0.086361125,-0.11230469,1.0
-0.061431687,-0.08300781,1.0
-0.061636485,-0.09277344,1.0
-0.056128334,-0.09765625,1.0
-0.050352693,-0.068359375,1.0
-0.08351674,-0.1171875,1.0
-0.04976979,-0.078125,1.0
-0.029501468,-0.078125,1.0
-0.05768627,-0.08300781,1.0
-0.064631745,-0.10253906,1.0
-0.10297217,-0.1171875,1.0
-0.06450285,-0.087890625,1.0
-0.12461652,-0.13671875,1.0
-0.10935612,-0.12207031,1.0
-0.09838073,-0.107421875,1.0
-0.108518705,-0.12695312,1.0
-0.08618374,-0.11230469,1.0
-0.08777552,-0.10253906,1.0
-0.102394104,-0.12207031,1.0
-0.1055698,-0.12695312,1.0
-0.09845014,-0.11230469,1.0
-0.083750665,-0.09277344,1.0
-0.10625619,-0.1171875,1.0
-0.078794405,-0.09765625,1.0
-0.09641044,-0.11230469,1.0
-0.060131174,-0.07324219,1.0
-0.079872526,-0.09765625,1.0
-0.09491648,-0.107421875,1.0
-0.099545434,-0.11230469,1.0
-0.124014,-0.13671875,1.0
-0.10628794,-0.12207031,1.0
-0.12692341,-0.13671875,1.0
-0.115480386,-0.13183594,1.0
-0.09203118,-0.107421875,1.0
-0.11531158,-0.13183594,1.0
-0.09837106,-0.12207031,1.0
-0.08157842,-0.107421875,1.0
-0.10847,-0.13183594,1.0
-0.053369053,-0.087890625,1.0
-0.08685644,-0.10253906,1.0
-0.06175642,-0.10253906,1.0
-0.07246842,-0.1171875,1.0
-0.0090103615,-0.053710938,1.0
-0.058025938,-0.087890625,1.0
-0.07229305,-0.107421875,1.0
-0.04462025,-0.087890625,1.0
-0.095996246,-0.12207031,1.0
-0.07277117,-0.107421875,1.0
-0.06365334,-0.087890625,1.0
-0.04599292,-0.08300781,1.0
-0.085901424,-0.107421875,1.0
-0.052159466,-0.09277344,1.0
-0.047286578,-0.078125,1.0
-0.050825007,-0.09277344,1.0
-0.059905015,-0.09277344,1.0
-0.0819722,-0.107421875,1.0
-0.075732484,-0.107421875,1.0
-0.06748233,-0.10253906,1.0
-0.092683546,-0.107421875,1.0
-0.09644443,-0.1171875,1.0
-0.07911734,-0.107421875,1.0
-0.052930724,-0.078125,1.0
-0.078997776,-0.107421875,1.0
-0.06452742,-0.087890625,1.0
-0.104083315,-0.12695312,1.0
-0.06133132,-0.087890625,1.0
-0.06640029,-0.087890625,1.0
-0.11429505,-0.12207031,1.0
-0.09749305,-0.107421875,1.0
-0.101153076,-0.11230469,1.0
-0.079722695,-0.09765625,1.0
-0.114780486,-0.12207031,1.0
-0.070573054,-0.08300781,1.0
-0.12314737,-0.13671875,1.0
-0.10035263,-0.11230469,1.0
-0.08001335,-0.09765625,1.0
-0.07001649,-0.09765625,1.0
-0.07586815,-0.10253906,1.0
-0.0728907,-0.09277344,1.0
-0.07188829,-0.09765625,1.0
-0.08484843,-0.11230469,1.0
-0.07565,-0.10253906,1.0
-0.11739848,-0.12695312,1.0
-0.08991077,-0.11230469,1.0
-0.11273353,-0.13183594,1.0
-0.05035779,-0.08300781,1.0
-0.049358968,-0.09277344,1.0
-0.049399614,-0.087890625,1.0
-0.068525515,-0.107421875,1.0
-0.060928203,-0.10253906,1.0
-0.05712869,-0.09277344,1.0
-0.05960191,-0.09765625,1.0
-0.016216533,-0.06347656,1.0
-0.045962337,-0.10253906,1.0
-0.05240907,-0.09765625,1.0
-0.06734431,-0.09765625,1.0
-0.030721843,-0.078125,1.0
-0.09015372,-0.1171875,1.0
-0.07444624,-0.1171875,1.0
-0.048595145,-0.087890625,1.0
-0.060500257,-0.10253906,1.0
-0.039231285,-0.087890625,1.0
-0.01521271,-0.07324219,1.0
-0.052927583,-0.09277344,1.0
-0.08243786,-0.1171875,1.0
-0.046069376,-0.08300781,1.0
-0.01644132,-0.068359375,1.0
-0.07935731,-0.11230469,1.0
-0.044363223,-0.08300781,1.0
-0.05470267,-0.09277344,1.0
-0.04465291,-0.087890625,1.0
-0.067592725,-0.1171875,1.0
-0.048965305,-0.09277344,1.0
-0.12370078,-0.14648438,1.0
-0.07944156,-0.107421875,1.0
-0.067453295,-0.11230469,1.0
-0.07423951,-0.10253906,1.0
-0.11343716,-0.13671875,1.0
-0.057867132,-0.078125,1.0
-0.031692535,-0.07324219,1.0
-0.045571994,-0.087890625,1.0
-0.053570885,-0.09277344,1.0
-0.028840626,-0.07324219,1.0
-0.040276032,-0.078125,1.0
-0.025454367,-0.07324219,1.0
-0.011236377,-0.07324219,1.0
-0.033550173,-0.09277344,1.0
-0.012252924,-0.078125,1.0
-0.016457085,-0.068359375,1.0
-0.060769893,-0.087890625,1.0
-0.040293504,-0.078125,1.0
-0.064011894,-0.087890625,1.0
-0.06280001,-0.107421875,1.0
-0.06317802,-0.10253906,1.0
-0.041675508,-0.078125,1.0
-0.041339617,-0.08300781,1.0
-0.014933047,-0.068359375,1.0
-0.08393151,-0.13183594,1.0
-0.040485196,-0.09277344,1.0
0.014738066,-0.048828125,1.0
-0.06772669,-0.11230469,1.0
-0.060305335,-0.107421875,1.0
-0.056943823,-0.09277344,1.0
-0.061549366,-0.10253906,1.0
-0.07467368,-0.1171875,1.0
-0.072879635,-0.10253906,1.0
-0.04258701,-0.08300781,1.0
-0.08886628,-0.12207031,1.0
-0.042195752,-0.09277344,1.0
-0.025854588,-0.07324219,1.0
-0.05181714,-0.11230469,1.0
-0.034515787,-0.087890625,1.0
-0.008691639,-0.07324219,1.0
-0.06835191,-0.11230469,1.0
0.005502966,-0.06347656,1.0
-0.021346891,-0.08300781,1.0
0.0010001219,-0.06347656,1.0
-0.06555892,-0.09765625,1.0
0.008078267,-0.05859375,1.0
-0.0071249283,-0.068359375,1.0
-0.051630605,-0.09765625,1.0
-0.056043226,-0.087890625,1.0
-0.028474059,-0.09277344,1.0
-0.08134109,-0.12207031,1.0
-0.08195144,-0.107421875,1.0
-0.057437517,-0.09277344,1.0
-0.051393628,-0.087890625,1.0
-0.0453419,-0.087890625,1.0
-0.079966545,-0.12207031,1.0
-0.0737643,-0.11230469,1.0
-0.084552854,-0.11230469,1.0
-0.07946149,-0.107421875,1.0
-0.11048577,-0.14160156,1.0
-0.1179143,-0.13671875,1.0
-0.10578356,-0.12695312,1.0
-0.070420116,-0.087890625,1.0
-0.11367724,-0.13183594,1.0
-0.08424996,-0.107421875,1.0
-0.09364877,-0.107421875,1.0
-0.08818443,-0.11230469,1.0
-0.032250598,-0.068359375,1.0
-0.07663618,-0.107421875,1.0
-0.048970275,-0.08300781,1.0
-0.064427935,-0.10253906,1.0
-0.063290544,-0.10253906,1.0
-0.05511995,-0.107421875,1.0
-0.02471751,-0.09277344,1.0
-0.07241219,-0.11230469,1.0
-0.04815854,-0.09277344,1.0
-0.06242025,-0.107421875,1.0
-0.012404224,-0.07324219,1.0
-0.008236436,-0.068359375,1.0
-0.028733293,-0.07324219,1.0
-0.057501625,-0.09765625,1.0
-0.007640978,-0.068359375,1.0
-0.046699505,-0.09765625,1.0
-0.05691688,-0.10253906,1.0
-0.034581043,-0.08300781,1.0
-0.039993253,-0.078125,1.0
-0.028115427,-0.087890625,1.0
-0.051367413,-0.09765625,1.0
-0.005344351,-0.05859375,1.0
-0.09182092,-0.12695312,1.0
-0.06421555,-0.1171875,1.0
-0.056402035,-0.09277344,1.0
-0.014051894,-0.068359375,1.0
-0.028164063,-0.07324219,1.0
-0.08689513,-0.11230469,1.0
-0.059868623,-0.09765625,1.0
-0.0016720176,-0.07324219,1.0
-0.04135819,-0.09765625,1.0
-0.045775525,-0.078125,1.0
-0.019938722,-0.08300781,1.0
-0.008380853,-0.07324219,1.0
0.023040608,-0.048828125,1.0
-0.0077331527,-0.087890625,1.0
-0.013226139,-0.06347656,1.0
-0.096560866,-0.1171875,1.0
0.030501043,-0.029296875,1.0
-0.061128426,-0.11230469,1.0
-0.019595321,-0.09277344,1.0
-0.008465824,-0.08300781,1.0
-0.016777225,-0.05859375,1.0
-0.039413895,-0.087890625,1.0
-0.04265153,-0.087890625,1.0
-0.05517419,-0.09277344,1.0
0.010455849,-0.06347656,1.0
-0.076490805,-0.11230469,1.0
-0.0064384877,-0.07324219,1.0
-0.058656566,-0.107421875,1.0
-0.061549913,-0.10253906,1.0
-0.07117744,-0.10253906,1.0
-0.04866799,-0.09765625,1.0
0.010491256,-0.06347656,1.0
-0.022642124,-0.078125,1.0
-0.00275075,-0.078125,1.0
0.00379842,-0.068359375,1.0
-0.024026725,-0.068359375,1.0
-0.06353196,-0.107421875,1.0
-0.07469125,-0.107421875,1.0
-0.071711555,-0.1171875,1.0
-0.0002774343,-0.068359375,1.0
-0.003158891,-0.068359375,1.0
-0.056739133,-0.09277344,1.0
-0.021145225,-0.07324219,1.0
-0.048757654,-0.107421875,1.0
-0.010855543,-0.07324219,1.0
-0.024529297,-0.08300781,1.0
-0.019453151,-0.068359375,1.0
-0.037427012,-0.09277344,1.0
-0.036703832,-0.09277344,1.0
-0.06166944,-0.107421875,1.0
-0.039955042,-0.09277344,1.0
-0.059526462,-0.107421875,1.0
-0.040440187,-0.087890625,1.0
-0.061295964,-0.10253906,1.0
-0.053471606,-0.107421875,1.0
-0.03480413,-0.08300781,1.0
-0.0144613255,-0.07324219,1.0
-0.026321027,-0.087890625,1.0
-0.03361157,-0.08300781,1.0
-0.080641605,-0.09277344,1.0
-0.053108323,-0.09765625,1.0
-0.049533915,-0.08300781,1.0
-0.03895458,-0.087890625,1.0
-0.062102817,-0.107421875,1.0
-0.095763065,-0.13671875,1.0
-0.04248019,-0.078125,1.0
-0.031292863,-0.08300781,1.0
-0.057257235,-0.10253906,1.0
-0.04103665,-0.08300781,1.0
-0.023629209,-0.09277344,1.0
-0.017347079,-0.078125,1.0
-0.01482786,-0.068359375,1.0
-0.03009354,-0.09765625,1.0
-0.07331588,-0.107421875,1.0
-0.06607942,-0.107421875,1.0
-0.08682978,-0.1171875,1.0
-0.06427632,-0.09765625,1.0
-0.08660304,-0.12207031,1.0
-0.07892165,-0.11230469,1.0
-0.022738852,-0.09277344,1.0
-0.019985797,-0.08300781,1.0
-0.08186503,-0.12695312,1.0
-0.0847486,-0.1171875,1.0
-0.06481865,-0.12207031,1.0
-0.07901426,-0.11230469,1.0
-0.015499072,-0.078125,1.0
-0.061478816,-0.09765625,1.0
-0.044230655,-0.09765625,1.0
-0.031492513,-0.087890625,1.0
-0.07360123,-0.11230469,1.0
-0.014139682,-0.07324219,1.0
-0.05516506,-0.09277344,1.0
-0.025770295,-0.087890625,1.0
-0.03440091,-0.08300781,1.0
-0.04694559,-0.09765625,1.0
-0.023118775,-0.078125,1.0
-0.06487415,-0.11230469,1.0
-0.037039466,-0.08300781,1.0
-0.04770074,-0.09765625,1.0
-0.009183625,-0.07324219,1.0
-0.0272743,-0.08300781,1.0
0.0023932913,-0.048828125,1.0
-0.059900492,-0.09765625,1.0
-0.060130317,-0.09765625,1.0
-0.033561464,-0.087890625,1.0
-0.020007202,-0.07324219,1.0
-0.038259648,-0.09277344,1.0
-0.012198052,-0.078125,1.0
-0.012262003,-0.068359375,1.0
-0.045337558,-0.087890625,1.0
-0.03583204,-0.087890625,1.0
-0.053777654,-0.09277344,1.0
-0.09376,-0.13671875,1.0
-0.075582,-0.11230469,1.0
-0.07013378,-0.11230469,1.0
-0.010616298,-0.06347656,1.0
-0.026908314,-0.087890625,1.0
-0.048164573,-0.09765625,1.0
-0.052920498,-0.10253906,1.0
-0.027588153,-0.078125,1.0
-0.088215135,-0.11230469,1.0
-0.08231496,-0.12207031,1.0
-0.06543885,-0.12207031,1.0
-0.0415726,-0.087890625,1.0
-0.039537452,-0.087890625,1.0
-0.053083867,-0.09765625,1.0
-0.08404626,-0.13183594,1.0
-0.059658896,-0.09765625,1.0
-0.067188814,-0.107421875,1.0
-0.03334906,-0.087890625,1.0
-0.06671649,-0.1171875,1.0
-0.039545264,-0.087890625,1.0
-0.058467638,-0.10253906,1.0
-0.02562176,-0.08300781,1.0
-0.023465702,-0.078125,1.0
-0.037575603,-0.078125,1.0
-0.030178154,-0.07324219,1.0
-0.038355447,-0.08300781,1.0
-0.032984782,-0.087890625,1.0
-0.0073880972,-0.068359375,1.0
-0.015440288,-0.08300781,1.0
-0.08226924,-0.13671875,1.0
-0.003094636,-0.068359375,1.0
-0.016550466,-0.06347656,1.0
0.0017181613,-0.05859375,1.0
-0.03915549,-0.087890625,1.0
-0.08966466,-0.1171875,1.0
-0.033830162,-0.08300781,1.0
-0.058220983,-0.10253906,1.0
-0.056515098,-0.09277344,1.0
-0.005703441,-0.07324219,1.0
-0.04149681,-0.09277344,1.0
-0.05742942,-0.107421875,1.0
-0.039720707,-0.087890625,1.0
-0.07406415,-0.1171875,1.0
-0.025024671,-0.07324219,1.0
-0.002133865,-0.07324219,1.0
-0.049575854,-0.087890625,1.0
-0.03475422,-0.087890625,1.0
-0.037459873,-0.08300781,1.0
-0.034120318,-0.09765625,1.0
-0.030963605,-0.08300781,1.0
-0.021596152,-0.068359375,1.0
-0.046698987,-0.10253906,1.0
-0.017600805,-0.07324219,1.0
-0.07558283,-0.1171875,1.0
-0.008122066,-0.06347656,1.0
-0.019177198,-0.08300781,1.0
-0.057783015,-0.10253906,1.0
-0.009317039,-0.06347656,1.0
-0.04053431,-0.09277344,1.0
-0.0594989,-0.09277344,1.0
-0.035190664,-0.087890625,1.0
-0.04891492,-0.09277344,1.0
-0.039133407,-0.087890625,1.0
-0.051136475,-0.08300781,1.0
-0.050337296,-0.09765625,1.0
-0.052031327,-0.107421875,1.0
-0.073012576,-0.12207031,1.0
-0.038061608,-0.07324219,1.0
-0.05174022,-0.087890625,1.0
-0.018680358,-0.08300781,1.0
-0.04003988,-0.087890625,1.0
-0.07485793,-0.107421875,1.0
-0.025757771,-0.087890625,1.0
-0.07488976,-0.11230469,1.0
-0.05086409,-0.10253906,1.0
-0.076752245,-0.1171875,1.0
-0.041063327,-0.09277344,1.0
-0.02124182,-0.08300781,1.0
-0.043389976,-0.09277344,1.0
-0.07839687,-0.12207031,1.0
-0.042106993,-0.08300781,1.0
-0.038447987,-0.09277344,1.0
-0.042540736,-0.09765625,1.0
-0.014139196,-0.07324219,1.0
0.010731119,-0.05859375,1.0
-0.048960708,-0.08300781,1.0
-0.067172624,-0.107421875,1.0
-0.096303254,-0.13671875,1.0
-0.0439245,-0.09277344,1.0
-0.07118808,-0.107421875,1.0
-0.03976329,-0.087890625,1.0
-0.0692817,-0.11230469,1.0
-0.06293889,-0.107421875,1.0
-0.040045727,-0.087890625,1.0
-0.019115295,-0.06347656,1.0
-0.08778067,-0.12695312,1.0
-0.057748593,-0.10253906,1.0
-0.074082285,-0.11230469,1.0
-0.059631646,-0.10253906,1.0
-0.03966079,-0.09277344,1.0
-0.05634565,-0.09277344,1.0
-0.06603323,-0.10253906,1.0
-0.09804956,-0.13671875,1.0
-0.085800335,-0.1171875,1.0
-0.067596845,-0.09765625,1.0
-0.038542807,-0.08300781,1.0
-0.07941276,-0.1171875,1.0
-0.043119065,-0.08300781,1.0
-0.068776146,-0.107421875,1.0
-0.011556757,-0.06347656,1.0
-0.028208548,-0.07324219,1.0
-0.03492672,-0.07324219,1.0
-0.078471616,-0.11230469,1.0
-0.11716541,-0.14160156,1.0
-0.03139785,-0.08300781,1.0
-0.05022465,-0.09277344,1.0
-0.11126044,-0.14160156,1.0
-0.071315795,-0.107421875,1.0
-0.04593807,-0.09277344,1.0
-0.076025434,-0.11230469,1.0
-0.018630814,-0.06347656,1.0
-0.056901664,-0.107421875,1.0
-0.054192215,-0.087890625,1.0
-0.031679608,-0.087890625,1.0
-0.034819953,-0.087890625,1.0
-0.04336077,-0.087890625,1.0
-0.03819421,-0.08300781,1.0
-0.06804799,-0.10253906,1.0
-0.029602086,-0.068359375,1.0
-0.0717604,-0.1171875,1.0
-0.042756755,-0.087890625,1.0
-0.04204424,-0.09765625,1.0
-0.014437422,-0.07324219,1.0
-0.078339405,-0.12207031,1.0
-0.028910104,-0.068359375,1.0
-0.011687024,-0.078125,1.0
-0.044048335,-0.10253906,1.0
-0.03520037,-0.09277344,1.0
-0.056207962,-0.107421875,1.0
-0.03578055,-0.07324219,1.0
-0.07439226,-0.12207031,1.0
-0.03109255,-0.09277344,1.0
-0.03512011,-0.087890625,1.0
-0.037198413,-0.087890625,1.0
-0.04641434,-0.10253906,1.0
-0.018213607,-0.06347656,1.0
-0.042053483,-0.087890625,1.0
-0.079496875,-0.12207031,1.0
-0.05726143,-0.10253906,1.0
-0.04004262,-0.09277344,1.0
-0.054739274,-0.107421875,1.0
-0.031607054,-0.078125,1.0
-0.04533877,-0.09765625,1.0
-0.03532592,-0.08300781,1.0
-0.032605182,-0.08300781,1.0
-0.068529114,-0.12207031,1.0
-0.046861276,-0.09277344,1.0
-0.038876496,-0.08300781,1.0
-0.03156862,-0.08300781,1.0
-0.026720708,-0.07324219,1.0
-0.03733758,-0.078125,1.0
-0.028541908,-0.08300781,1.0
-0.026404306,-0.08300781,1.0
-0.045802914,-0.09277344,1.0
-0.011604571,-0.07324219,1.0
-0.043635387,-0.087890625,1.0
-0.03447359,-0.087890625,1.0
-0.049898796,-0.09765625,1.0
-0.08500445,-0.1171875,1.0
-0.08854433,-0.1171875,1.0
-0.03572619,-0.09277344,1.0
-0.062076747,-0.10253906,1.0
-0.04535411,-0.087890625,1.0
-0.052493323,-0.10253906,1.0
-0.036098607,-0.087890625,1.0
-0.06332297,-0.12207031,1.0
-0.014940744,-0.08300781,1.0
-0.018800575,-0.07324219,1.0
-0.08926759,-0.12695312,1.0
-0.08235514,-0.1171875,1.0
-0.00526516,-0.06347656,1.0
-0.018818585,-0.07324219,1.0
-0.08380654,-0.13183594,1.0
-0.0007341057,-0.06347656,1.0
-0.018997204,-0.078125,1.0
-0.057189494,-0.10253906,1.0
-0.011042183,-0.05859375,1.0
-0.029029226,-0.078125,1.0
-0.034945466,-0.08300781,1.0
-0.02234079,-0.068359375,1.0
-0.003167598,-0.05859375,1.0
-0.07378503,-0.12207031,1.0
-0.047068287,-0.087890625,1.0
-0.014773784,-0.078125,1.0
-0.06057904,-0.09765625,1.0
-0.02247553,-0.068359375,1.0
-0.055696435,-0.09277344,1.0
-0.04589947,-0.09765625,1.0
-0.041823585,-0.087890625,1.0
-0.04891479,-0.087890625,1.0
-0.03771634,-0.087890625,1.0
-0.030871551,-0.078125,1.0
-0.024372911,-0.07324219,1.0
-0.08985529,-0.1171875,1.0
-0.1176668,-0.14648438,1.0
-0.08356353,-0.12695312,1.0
-0.09366973,-0.12207031,1.0
-0.07398159,-0.1171875,1.0
-0.04985733,-0.09765625,1.0
-0.054751225,-0.09277344,1.0
-0.03085075,-0.09277344,1.0
-0.044320673,-0.09765625,1.0
-0.027999127,-0.08300781,1.0
-0.08310737,-0.12695312,1.0
-0.025935177,-0.078125,1.0
-0.03734402,-0.087890625,1.0
-0.05156245,-0.09765625,1.0
-0.016368572,-0.078125,1.0
-0.03213082,-0.07324219,1.0
-0.0039842827,-0.06347656,1.0
-0.023100387,-0.078125,1.0
-0.04689923,-0.08300781,1.0
-0.07237277,-0.11230469,1.0
0.004121387,-0.053710938,1.0
-0.049242083,-0.09765625,1.0
-0.039424665,-0.08300781,1.0
-0.0017243937,-0.06347656,1.0
-0.020705063,-0.07324219,1.0
-0.026127916,-0.07324219,1.0
-0.00063647033,-0.06347656,1.0
-0.056303144,-0.09765625,1.0
-0.020499792,-0.07324219,1.0
0.007027878,-0.06347656,1.0
-0.044479795,-0.10253906,1.0
-0.029373214,-0.068359375,1.0
-0.02745811,-0.068359375,1.0
-0.050699987,-0.09765625,1.0
-0.012974906,-0.07324219,1.0
-0.025773356,-0.06347656,1.0
-0.04525733,-0.09277344,1.0
-0.014030883,-0.07324219,1.0
-0.02723648,-0.08300781,1.0
-0.04674713,-0.08300781,1.0
-0.056478698,-0.09765625,1.0
-0.043966196,-0.09277344,1.0
-0.020780934,-0.078125,1.0
-0.021426741,-0.08300781,1.0
-0.010278618,-0.07324219,1.0
-0.053001326,-0.11230469,1.0
-0.066558436,-0.11230469,1.0
-0.031390674,-0.087890625,1.0
-0.035177123,-0.08300781,1.0
-0.06573684,-0.11230469,1.0
-0.05482877,-0.10253906,1.0
-0.0368182,-0.078125,1.0
-0.03296486,-0.09277344,1.0
0.024667095,-0.024414062,1.0
-0.06699003,-0.09765625,1.0
-0.06792706,-0.11230469,1.0
-0.0731799,-0.11230469,1.0
0.008988453,-0.053710938,1.0
-0.06467571,-0.10253906,1.0
-0.015018156,-0.068359375,1.0
-0.049437363,-0.10253906,1.0
-0.06434409,-0.11230469,1.0
-0.022687,-0.07324219,1.0
-0.045670483,-0.09765625,1.0
-0.011436773,-0.068359375,1.0
0.008518761,-0.06347656,1.0
-0.074572355,-0.1171875,1.0
-0.01647158,-0.08300781,1.0
-0.03026018,-0.087890625,1.0
-0.030422246,-0.09277344,1.0
-0.031202365,-0.08300781,1.0
-0.05887734,-0.09277344,1.0
-0.041562065,-0.087890625,1.0
-0.06301951,-0.12207031,1.0
-0.006204483,-0.06347656,1.0
0.008268965,-0.06347656,1.0
-0.028802928,-0.078125,1.0
-0.040121812,-0.078125,1.0
-0.059856154,-0.10253906,1.0
-0.023529006,-0.09277344,1.0
-0.056887485,-0.11230469,1.0
-0.089644946,-0.14160156,1.0
-0.049706466,-0.087890625,1.0
-0.07787363,-0.107421875,1.0
-0.05213352,-0.09765625,1.0
-0.039698083,-0.087890625,1.0
0.0011504218,-0.05859375,1.0
-0.0365189,-0.087890625,1.0
-0.056150794,-0.09765625,1.0
-0.012894255,-0.06347656,1.0
-0.05671972,-0.107421875,1.0
-0.024928855,-0.08300781,1.0
-0.04981119,-0.107421875,1.0
-0.042708367,-0.08300781,1.0
-0.048068333,-0.087890625,1.0
-0.021703552,-0.08300781,1.0
-0.007887033,-0.05859375,1.0
-0.043738924,-0.087890625,1.0
-0.0823451,-0.12695312,1.0
-0.010034862,-0.06347656,1.0
-0.03397317,-0.08300781,1.0
-0.03902472,-0.087890625,1.0
-0.03619303,-0.078125,1.0
-0.031382293,-0.07324219,1.0
-0.047253046,-0.087890625,1.0
-0.046124,-0.08300781,1.0
-0.03178525,-0.07324219,1.0
-0.045494832,-0.087890625,1.0
-0.030646812,-0.07324219,1.0
-0.04842196,-0.08300781,1.0
-0.049059946,-0.09277344,1.0
-0.034821406,-0.08300781,1.0
-0.0424521,-0.09277344,1.0
-0.08255955,-0.1171875,1.0
-0.026166359,-0.07324219,1.0
-0.035308655,-0.078125,1.0
-0.034386985,-0.068359375,1.0
-0.06175233,-0.09765625,1.0
-0.034980617,-0.087890625,1.0
-0.027860468,-0.034179688,1.0
-0.007921575,-0.0146484375,1.0
0.008176902,-0.009765625,1.0
-0.033400614,-0.034179688,1.0
0.0018024442,-0.009765625,1.0
-0.00297173,-0.0146484375,1.0
-0.051100053,-0.053710938,1.0
-0.0018026069,-0.009765625,1.0
-0.003075704,-0.009765625,1.0
-0.0034771375,-0.009765625,1.0
-0.013599318,-0.01953125,1.0
-0.04178103,-0.048828125,1.0
0.0029102962,-0.009765625,1.0
-0.18402697,-0.19042969,1.0
-0.18599048,-0.1953125,1.0
-0.16883136,-0.17578125,1.0
-0.15195689,-0.16113281,1.0
-0.091032945,-0.09765625,1.0
-0.16413935,-0.17089844,1.0
-0.19269207,-0.20019531,1.0
-0.1583331,-0.16601562,1.0
-0.18289249,-0.18554688,1.0
-0.19859317,-0.20019531,1.0
-0.16049616,-0.16601562,1.0
-0.1234138,-0.13183594,1.0
-0.17327937,-0.17578125,1.0
-0.18094942,-0.19042969,1.0
