10.102007
10.102007
16.219461
21.354715
22.303343
22.296164
22.709007
23.100554
21.882025
20.001717
22.316397
20.454792
18.642721
21.407423
19.591108
24.522785
20.652143
21.063848
22.139963
22.365639
21.539492
23.5986
23.343756
16.963697
18.805233
16.352013
11.912087
15.072623
17.071617
13.290497
14.951773
15.645667
13.718496
16.216074
14.375012
15.844958
14.987814
14.784078
15.477189
16.95522
15.949112
16.489765
17.009054
17.70977
18.47948
17.75631
18.994701
18.901054
18.268188
17.313818
16.325966
15.371231
16.866648
16.63647
15.993191
14.915378
15.849809
16.301182
15.454486
14.974956
13.829966
14.365433
13.009952
14.144268
13.363709
12.869082
14.971537
15.872793
15.543429
15.208147
15.082
15.537268
18.094202
11.579818
13.65214
12.820615
11.79477
13.978897
12.906358
12.431139
18.448702
11.311644
9.420877
11.386338
12.028885
10.305211
11.316899
9.762741
10.144396
12.153118
10.510079
8.719618
7.8215857
10.784071
15.737324
12.961249
12.757964
10.98237
12.635808
11.541882
13.439914
14.0887165
13.7151985
15.004685
13.787356
17.134197
12.658819
9.803153
14.794163
9.920778
11.775357
10.301136
12.223715
12.160959
11.134876
13.596679
11.183593
10.313275
10.307911
10.839004
9.934721
11.780843
11.07376
14.329129
12.732315
10.852384
12.868878
15.725797
12.360953
14.26594
14.49724
12.625928
15.203658
8.734577
13.881805
13.253546
11.293618
11.287298
10.58327
14.22096
10.532988
8.911205
8.212572
8.989697
9.018126
11.096109
7.6970367
8.167243
8.125623
13.86937
12.52236
11.382528
11.098078
9.219438
8.840891
7.9552317
8.637468
10.14023
7.447036
9.325444
6.8297734
8.554227
8.013129
8.155903
11.530105
8.007437
10.570353
9.054991
11.548539
12.4490185
10.5149145
13.826186
12.579245
11.11604
10.419271
8.853625
7.74223
9.623652
9.9248085
10.935676
9.655529
10.965314
11.255877
9.8078
10.163693
9.231904
9.933374
8.991594
6.958254
7.761678
7.372023
8.164362
6.430206
7.4653897
9.386905
8.1294155
9.74194
6.985499
7.93795
7.3465466
6.845037
9.297361
11.906311
9.019328
11.528986
9.185289
10.472683
13.307244
13.875959
8.477253
9.159341
9.237932
10.3013115
9.899538
7.7122197
9.366163
7.8745704
10.477062
9.729481
9.95107
10.66132
11.248325
9.695134
8.737885
12.7148905
13.896897
10.950893
13.704827
11.245639
14.884134
8.26988
12.638911
9.0552635
8.439851
11.817457
10.174641
9.502148
10.84097
9.682658
8.882962
8.821094
10.915452
12.683459
13.187074
18.371283
13.090692
16.122446
15.945106
17.808779
11.840287
10.24545
13.275098
13.468979
15.752368
10.985181
15.807758
14.683157
15.184854
20.094154
11.661866
14.669995
10.462387
11.54364
16.756533
12.5252075
13.272555
18.13758
13.084027
10.816781
11.3202305
9.624097
12.994659
12.395621
10.917449
11.878642
17.912273
8.822137
11.004942
11.009293
10.491355
17.55667
13.244218
11.979299
11.968188
10.59754
13.44158
17.706823
13.184158
17.747824
22.027794
11.007603
16.616734
12.318112
14.566127
8.323039
10.103266
10.038644
10.398273
9.835732
11.750896
11.112929
11.660048
11.877588
15.907853
15.396522
15.8944435
11.603702
9.794947
11.83298
11.65979
9.800334
11.141496
9.547584
10.698214
10.673313
9.16589
7.162491
10.586794
9.797434
11.656905
12.159478
13.633655
10.001515
15.494981
10.161362
15.910709
10.8732
9.037946
10.712756
12.844768
10.20361
14.7838745
7.159147
12.315337
9.654899
8.396129
11.185612
8.413913
22.676485
15.298703
14.501033
19.152485
10.572281
13.366665
8.087483
9.51713
8.795388
13.287924
8.391719
11.7483635
11.989979
12.214116
7.8824162
11.880052
11.499357
13.26447
11.062587
9.21616
10.68571
14.207013
11.765615
9.16957
10.334666
11.664614
9.144147
9.644208
9.447097
16.118778
9.960557
8.341564
11.629067
7.677093
12.422123
10.380314
6.8477626
9.581486
11.312072
7.803964
10.308204
9.254395
13.076185
12.361754
9.949115
12.24712
6.6750426
8.066409
11.537951
10.603959
12.349882
17.991539
9.473194
11.3206835
14.48256
10.8187
11.445467
11.331895
14.004493
7.8813787
8.354336
11.660449
10.59386
7.143175
11.076784
10.546938
12.051795
10.29158
11.339103
13.849465
15.080946
17.275549
14.341461
14.52494
19.769274
14.693845
13.343367
15.248345
14.953654
13.890857
11.247608
19.149426
10.5063
10.292836
9.62093
14.295365
11.281762
12.872766
12.807937
11.619181
13.389655
8.983749
16.987537
8.38717
10.581814
10.917464
8.991208
17.223705
9.862479
6.531797
10.191103
9.829772
11.105551
9.92402
10.45068
10.552385
11.009383
10.587695
13.219157
12.768007
9.605788
10.4680605
11.106687
8.653659
12.985901
13.625162
11.168788
8.50841
10.617761
8.091712
18.193686
11.250769
15.609786
12.812736
8.420592
8.225918
9.50487
13.265103
12.39944
11.361253
9.828885
10.517104
14.285711
9.382883
6.660821
8.551984
9.226633
9.684188
9.110509
10.562055
8.537309
9.227083
11.074679
9.435993
9.308638
12.727505
10.069952
11.415363
14.002625
11.185467
10.449403
9.885898
8.015725
11.593563
8.372457
9.974392
11.270376
10.321835
10.1400175
7.6562543
7.917196
6.7759676
9.630265
7.528751
8.584765
10.412449
5.1843786
8.135167
10.678972
6.010684
6.651263
7.056255
8.664104
10.636109
8.3053255
6.9003615
10.478743
9.710266
7.7103415
7.144998
8.625651
7.463091
7.80776
12.031164
9.090769
6.5259585
8.439564
7.441614
7.4494433
7.741789
8.66838
6.3207197
7.898793
8.919709
7.94351
7.3474784
7.005386
11.026667
9.252131
7.2442927
6.4769197
7.9897356
9.827696
6.897652
9.980842
8.147419
10.387167
4.58487
8.171787
13.489071
7.720781
11.677218
8.6607065
6.240579
7.3805585
8.67994
10.178254
6.755126
8.606195
8.178446
14.0519285
7.542997
7.472095
6.5838366
10.229815
10.530416
8.579798
12.429941
7.872524
6.2960863
9.589469
9.836147
10.82992
11.877384
12.04175
13.159276
9.931732
6.8297977
8.245773
7.9819417
10.04009
8.152238
6.2771177
9.400683
10.587756
12.435026
9.014018
6.673886
7.6042643
10.151213
11.212615
9.065342
5.459494
11.184554
10.214556
9.692214
9.333852
6.1298575
11.181814
9.079344
12.191252
10.8102455
10.5860405
9.799172
11.613378
11.550044
10.336874
10.691094
10.849261
11.976593
10.890986
15.193528
17.598326
12.870648
13.358196
14.799814
7.5959826
8.995097
10.747735
10.227025
8.918069
8.177809
7.2788186
6.658578
10.057337
9.026098
15.461389
10.014773
10.591416
13.739603
17.368692
7.905531
9.257875
11.372901
5.3788834
13.519637
8.686946
12.195694
9.230031
10.712692
9.278821
10.720115
9.429751
7.281538
8.896377
7.2300997
5.1324205
16.147837
9.817311
10.268603
8.904406
19.806202
7.679422
21.547737
16.217741
11.421075
14.436161
14.829995
10.099489
23.385838
22.900227
12.879879
17.807861
9.28906
13.093499
7.2576237
6.5404334
8.724874
7.9175487
10.911129
9.975126
6.3822465
10.88979
17.329979
12.163481
10.643492
9.825198
6.926164
16.014599
14.0891075
7.126163
5.9640355
16.165943
6.9232354
6.966335
11.07086
9.948584
9.866679
9.067129
8.014937
9.876562
13.899658
10.279349
9.130868
10.26686
14.772334
6.9743376
10.460873
7.9721985
9.197581
12.840406
8.764935
5.2036037
6.094237
9.115255
7.435121
8.070559
6.828871
8.712622
6.751502
9.084001
10.322534
10.063851
8.982315
6.7254786
7.441514
10.584151
8.936416
9.305774
11.00556
8.0792885
12.73997
10.947146
10.654647
7.617719
10.485346
8.230107
5.9229226
7.154173
9.643701
9.070628
11.89028
9.292109
10.544971
5.7513156
12.007318
7.1335063
10.257219
13.745367
11.225981
7.663511
10.017801
10.712587
6.8519583
8.134104
8.564425
9.733428
8.525165
9.785694
14.919543
7.391147
6.8820314
11.172052
7.0927587
9.396691
9.122796
8.617904
7.3335056
8.757748
9.731966
6.8365965
4.555903
7.6564918
7.2383714
6.231362
6.935416
12.679139
7.074267
8.683451
9.039165
7.521642
6.5600767
11.821324
6.556412
8.463447
11.50719
10.52383
5.353452
12.313612
9.962501
8.075424
10.318682
8.403463
12.002956
9.346732
8.7314625
7.3752055
10.254976
9.146429
11.118637
10.524791
8.252925
10.741636
8.790826
7.209864
12.3171
8.073883
7.7899804
7.905
12.521855
8.686153
9.861691
9.4783535
6.5193005
8.787338
10.3300295
8.28208
13.096438
9.282809
6.571814
8.592238
7.9714174
8.620813
5.4438825
6.6689496
7.811145
8.757348
9.3158245
15.896336
8.040565
6.5086665
14.136136
6.002866
10.834721
11.000095
5.4020414
10.98863
13.297576
9.57451
6.475736
10.006809
8.043372
10.341073
6.674521
7.805797
6.9361625
10.195176
11.151655
11.43518
9.786429
7.4685664
10.504802
10.1732855
9.476436
10.639623
12.548153
7.3264384
8.197484
8.29392
11.667497
7.279407
11.608446
7.3799133
9.289147
12.434051
12.153137
10.451458
11.647833
9.052748
11.066409
7.269708
5.8805714
7.5515046
9.462454
5.5783625
7.0627604
8.449163
6.7063975
12.419417
12.447095
11.172693
8.389295
9.804893
8.645215
11.412091
7.484514
7.5809474
11.444569
15.523845
5.7126164
10.442371
11.206852
6.245667
11.3983
12.847582
7.455914
6.183535
8.808163
10.311665
8.806483
8.393063
8.845755
7.40023
8.55225
6.178827
7.3231077
15.349544
5.591011
10.281652
11.833262
7.686739
8.960554
8.940634
10.511705
7.7354574
8.574548
16.42153
4.770575
8.619217
6.9055157
6.4005094
10.049106
8.864857
5.2986083
6.352805
12.137849
5.759013
4.1461587
5.629727
6.4953747
12.155213
14.615519
6.577285
9.866573
13.385485
10.848574
9.834096
6.3893385
7.7166524
9.769137
11.375562
13.349109
8.590663
8.626856
7.239205
7.101483
5.583236
9.57065
10.088421
10.63196
4.3516626
8.632069
7.085388
10.957291
5.550219
12.039412
6.0278344
7.1976995
6.894243
11.758377
10.484773
8.921092
4.340771
5.37665
3.5887125
8.224293
9.6247425
4.7386575
11.836742
9.343426
8.688535
14.047831
12.397649
12.775349
13.294848
12.736496
16.314943
10.719039
11.595499
12.0976305
9.599844
17.965733
10.797562
5.6675854
12.309892
11.659311
14.651846
13.553344
14.071639
14.804385
8.744679
8.31573
6.3944864
11.984405
9.331682
11.026629
13.1002
11.255952
13.122646
18.91936
11.711913
9.3100605
10.542376
15.978793
14.909283
13.51108
14.327602
16.519524
14.47209
12.028776
15.071336
20.770998
11.142698
13.904512
12.857466
15.3658285
13.141005
11.092026
8.989232
16.548939
16.440187
16.557594
14.480963
21.466257
5.241021
7.8237696
7.186725
16.115839
12.478643
10.925771
9.673736
9.210867
7.456589
8.074271
10.3665285
12.842825
12.049591
8.415416
9.245767
11.298245
12.671068
12.695974
8.264171
11.368441
21.259298
13.848289
17.152868
14.415791
17.299665
16.729816
18.314867
21.778875
12.111777
15.245486
17.730429
16.050314
13.426528
8.933254
14.035496
13.501171
20.219301
10.730026
15.5085745
15.25249
18.183292
15.854463
14.312758
18.178507
16.38787
10.917642
15.490436
16.715918
20.458263
11.127028
13.802263
15.871716
12.615189
16.380085
15.232699
14.230468
17.739689
13.845847
19.2873
17.039654
14.250532
12.783911
16.590998
21.901848
21.66924
14.764378
9.931352
12.707118
20.796495
14.09961
16.36097
15.429492
11.581054
17.089998
16.396778
15.929416
11.894057
16.191402
13.175281
17.207521
14.101693
13.676758
16.353266
8.751784
14.042977
13.090725
16.748587
15.379922
16.10271
15.638278
17.97781
16.372356
19.435036
17.004494
12.859196
21.043724
17.5725
15.841858
14.739108
10.729816
16.643877
11.744364
9.061933
13.21591
12.869988
15.056819
16.813826
10.233157
14.906491
13.596769
19.670738
17.326782
10.183221
13.006811
17.227373
12.69586
22.937273
12.713225
12.170863
13.997426
13.480496
18.332342
16.471903
12.723792
11.995701
15.353083
17.066677
17.445635
16.201778
16.934711
19.124727
14.570664
18.168705
17.815008
11.030033
17.296589
15.376913
15.089522
10.217358
13.394065
15.2282095
13.214899
13.262299
15.008465
14.802292
16.583517
17.581562
15.758151
16.838526
13.003565
12.489406
20.21759
17.123796
15.569764
12.468522
13.116556
11.691209
17.402246
14.996114
17.956976
14.50061
13.376271
10.966524
22.96055
17.493958
13.396232
17.05956
11.205622
16.728432
11.594925
15.224949
18.130703
19.546473
10.817307
14.92523
14.629407
15.4682045
19.932076
12.476598
8.317982
15.010747
17.979548
18.731222
9.940026
16.460125
10.413281
14.342662
15.566667
13.769718
13.054126
13.651752
8.009084
20.006681
20.700493
15.0427885
18.02738
13.798002
14.9467745
17.738995
23.887308
17.61046
17.978916
17.359547
19.254961
15.350001
19.14423
13.669616
18.074585
20.94618
9.257397
13.501862
17.49233
13.285909
17.808514
15.311643
13.816563
14.797207
7.823656
18.529015
12.427996
15.460675
16.82676
21.093716
14.982297
17.054146
14.401743
18.925158
16.064672
17.453016
18.520014
16.869469
21.885609
14.588503
15.27451
13.511415
14.600879
15.034333
15.934527
11.769865
20.847803
14.390736
18.409557
12.189693
14.00459
17.073683
14.329791
13.065998
13.970592
16.289644
14.8293
15.932588
15.710358
11.054516
11.079442
14.953153
13.295862
18.505468
12.230784
16.157692
11.149241
16.04247
16.763113
17.273006
10.41052
18.994503
17.20221
22.226892
10.309539
12.744912
20.1096
9.581997
24.039907
17.634218
12.227836
21.5628
15.176894
12.78602
11.748401
17.832163
13.236359
14.073986
12.672006
14.561551
16.090199
12.938509
19.037971
7.1995573
11.143832
7.8773437
15.382458
14.669109
17.632648
23.982899
14.086909
11.833234
11.86086
15.854782
12.668422
24.816437
13.912696
13.358508
17.285082
18.868593
9.681438
6.4169345
21.404484
12.031233
15.98034
7.6198354
16.204689
15.9344425
20.794096
14.618541
22.334642
14.41578
13.288801
13.010527
15.514553
15.877528
13.930906
11.545978
10.285276
13.173995
13.61897
10.027849
11.501328
15.811234
13.374723
9.5474615
17.313904
11.207505
16.85967
12.504455
10.768389
22.7607
16.522182
10.611637
16.856276
18.725622
15.10751
14.172561
18.601889
18.61286
10.694413
10.028094
19.18561
11.42756
19.62282
15.739587
18.090117
12.244274
14.135578
7.892995
15.212278
13.292292
17.150337
15.534939
11.717133
17.425713
15.315459
12.326731
10.59246
9.770793
15.86963
13.355082
10.365859
13.922808
17.348806
14.8876095
6.6450634
13.692532
9.388128
12.751054
8.599123
9.504001
13.078333
14.680571
11.45786
16.193462
14.47623
6.2852635
8.357557
12.913363
11.525531
10.178851
11.934115
15.076673
15.597043
10.53154
12.002999
17.44993
11.0062475
8.528047
12.711675
17.775904
10.979699
13.082189
16.329107
10.050286
7.3905764
11.217303
17.711512
7.384651
13.960495
4.3965244
15.439609
22.70294
19.783852
8.597529
15.622088
17.7026
11.012195
6.6887445
17.33108
11.316622
15.70118
16.665009
14.548375
13.08034
15.004603
11.374715
20.02645
22.754528
15.109211
14.657602
11.301478
14.840283
9.783228
17.410116
14.887934
8.760318
16.97836
18.867544
17.397655
12.592352
14.459412
12.294103
10.017427
21.110527
6.834632
20.43339
20.827282
14.216262
16.55645
15.3081875
17.334896
12.295325
13.931873
19.060658
17.498034
10.368089
23.38072
20.779716
18.058859
17.72807
7.5008464
175.53354
199.62569
202.35954
160.71892
91.65547
99.13501
83.652306
108.32714
175.53354
199.62569
202.35954
160.71892
91.65547
99.13501
83.652306
108.32714
89.27675
107.26735
99.716354
132.39311
192.79001
174.65837
76.80846
78.2484
72.588524
124.94741
167.95508
95.78859
124.52065
133.10902
115.22176
84.75239
88.32894
95.26241
173.91805
102.773636
74.83426
98.07456
202.12611
105.42775
225.74445
120.95508
201.43777
103.06138
96.67018
84.20959
89.24345
82.81058
94.326065
85.29323
76.36613
186.37819
86.94861
133.65633
81.99377
155.70288
46.887913
99.53144
89.90978
91.376945
58.31728
124.84162
143.7564
175.53354
199.62569
175.53354
