0.0006611879
0.0006611879
0.0016598043
0.0009798618
6.1035156e-05
0.0024177555
0.0025328123
6.103702e-05
0.0031229642
0.0013898485
6.103665e-05
6.103441e-05
6.1034876e-05
0.0010582508
0.0006822655
0.0024424202
0.0008575384
0.0009628444
0.0022471785
0.0014055982
0.00052062125
0.0007751904
0.0021157623
0.0014312994
0.0012731081
0.0028940598
6.103711e-05
0.0016565463
6.1033854e-05
0.002451599
0.00240268
0.00046271348
6.103683e-05
0.00094475894
6.103572e-05
0.0022849317
0.0018494297
6.1035156e-05
6.1034785e-05
6.1035345e-05
6.103832e-05
0.0031068905
6.103776e-05
0.0008521024
0.0007184688
6.10359e-05
0.0030575746
0.0031722314
0.0013553096
0.0012048448
0.0029759472
0.003187587
0.001462668
0.0019559455
0.0024161912
6.1034923e-05
0.0009834133
0.00093784183
0.002479657
0.000800848
0.00065374904
0.0017517179
6.103441e-05
0.005165995
0.0026968908
0.0031543232
6.1034785e-05
0.0011737298
0.0039340355
-0.00015320722
0.004126303
0.0004917638
-0.00038363552
-0.00029065236
0.0012356995
0.0028166557
-0.0008371844
0.0033808183
0.00033685853
0.0039334344
-0.00074065605
-0.0005678168
0.00090283883
6.1034785e-05
0.0029377271
0.00082534796
0.0023667922
0.002211721
6.10359e-05
0.0013911424
0.000555774
0.0037117167
0.0021640984
0.0005460711
-0.0002436336
0.0011243501
0.0012139626
0.0010575844
0.00075049326
0.0011594218
8.964073e-06
-0.00041716284
0.0008501893
0.002430526
-0.00033634593
0.002699861
-0.00056215207
0.0043730373
0.00010082293
0.0016000846
0.0018783372
0.0023972292
0.00084968394
-0.00074375403
-0.0007033244
-0.0010690179
-0.00065550505
0.0011707454
-0.0004413167
0.003130403
-2.5155303e-05
0.0033925003
0.0007413081
-0.0010118756
0.0018521452
0.00012276531
0.0022918081
-0.0013288899
0.0045683766
-0.0005670095
0.00017337334
-0.00020976923
0.0039350823
6.1035345e-05
0.0026708024
-0.0011358543
0.0009048719
0.0027499427
0.0026708464
0.0015449242
-0.00056568737
0.0038457722
0.0032726242
-0.00040126016
0.0026382527
0.0020712551
0.00091202947
0.0031294054
0.0018258393
-0.00038867854
0.0025289971
-0.00023583733
0.0015140998
0.0016777829
0.0018441783
0.0018383745
0.0002932962
0.0018311895
0.00036683393
2.5657797e-05
0.00128441
0.0038022015
-0.0019314904
0.0025753006
0.002631503
0.0011089608
0.0032005042
-0.0003259143
0.0006834647
0.0042908518
0.002387029
0.0013243703
-0.0006854443
0.0009007708
0.0003558822
0.0030533457
0.0025013587
0.0038234792
0.0020755935
0.0037709281
0.0010811907
0.0014651701
0.0015618411
0.001405321
0.003347984
0.0009616427
0.0019221936
0.0029980564
0.0027408465
0.0033421263
0.0010579651
0.003934608
0.0032876562
0.0029120212
0.000612292
-0.0005683846
0.0022337157
-0.0018957246
0.00095145556
-7.868102e-05
0.0029412273
0.0012087838
-0.0011246353
0.0008040595
-0.00040642993
-0.00030010086
0.0025421723
0.002556983
-0.0011275769
0.0011251792
0.0017307282
0.0008643074
-0.00058247533
-6.118752e-05
0.0011039678
0.0012891719
0.005213217
0.0026753196
0.002768591
0.0031354823
0.001967771
0.0020949652
0.0015936543
0.0052474635
-0.00022946205
0.0011790795
0.00069552456
0.0006449536
0.004862896
0.0033561536
0.0012025044
0.0021991883
0.0035685122
0.0025541107
-0.0011613261
0.0024027652
0.0025260858
-0.00073739886
0.0017806301
-0.00041052047
0.0010051874
-0.0012688907
0.0021246998
0.0019284328
-0.0030434553
0.0032490292
-0.0032135746
-0.0031727024
-6.416906e-05
-0.00084262463
0.00034600915
-0.000999104
0.0031331652
-0.00056969357
-0.0026336168
-0.0020664795
-0.0021244697
-0.0031610772
-0.001284084
-0.0016292918
0.0014378203
0.002089314
0.002242756
0.0013681197
0.0004819205
-0.0005442746
0.0030156304
0.00075348205
0.0033772201
0.0009826679
-0.0003357431
-0.00023675524
0.0028060363
0.00207747
0.0019970972
-0.0009151831
0.0005890564
0.0048981183
0.0003628537
0.00035152026
0.002450171
-0.00015544817
0.00085504184
0.0010473765
-0.0015557915
0.00026555097
0.0031111978
0.0004270628
-0.0026965563
-0.0058981995
-0.0025220218
-0.0028723658
0.0021207868
-9.092475e-05
-0.0008120049
0.0020383429
0.0038448288
0.0017207168
0.001295103
-0.0006644029
0.0024528652
-0.0006217916
0.0013658929
0.0028740135
0.0023267234
0.0018361394
0.00071656395
0.0024823106
0.0051361425
-0.0010185912
-0.0017641752
0.00020064246
-0.00015258137
0.00069359224
0.0013062649
0.00026302095
0.0042182864
0.0026263795
0.0026491066
-0.001308408
0.0011331132
0.001437991
0.003945652
0.0023666967
-3.4150667e-06
0.0043753562
0.0028700908
0.0037203175
0.003602018
0.00033525153
-0.0009770298
0.00012111105
0.0022991535
-0.00088218105
0.0008116327
0.0037284538
-0.0005347872
0.0028808399
-3.7340633e-05
1.8778443e-05
0.0023919493
3.0564145e-06
0.0013009403
0.0037325732
0.0012537928
0.00085587223
0.00045563225
-0.0008447675
0.0019538996
0.0011368474
0.0011830915
0.0032206476
0.0029631876
0.0022668797
0.003232959
0.0046266327
0.0041905963
0.00048806015
0.0027495865
0.0019088216
0.0002356233
0.0043449015
0.00056759675
0.001903565
0.0009594342
0.0003578363
0.0035268061
0.0034703002
0.0007565428
0.0024522443
0.0006984584
0.0037499662
-0.0001212284
0.003521584
0.0016741913
-0.00075158104
0.0031820517
0.003693701
0.002137706
0.0032097404
-0.001100065
0.002643722
-0.0017638011
-0.0016138243
0.005193992
-0.00080837717
0.0010854353
0.002843598
-0.00082424394
-0.0028014937
-0.00081100856
0.0021302034
0.00338594
0.00040632486
0.0028696256
0.0019222678
-0.00042447896
0.0013606413
0.003735294
0.0016706798
0.0025372992
0.001837787
0.00041046581
0.0032220762
0.00063644757
0.0038325426
0.0015183182
0.00031455437
0.0016200288
-0.0029561506
-0.000617175
0.0017876364
-0.00087162445
0.0007332098
0.0036904835
0.0013574086
0.0017550547
-0.003439562
0.0014687724
-0.0008778412
0.0023141247
0.0022061148
0.000983544
-0.0023828668
0.0009813055
-6.036181e-05
0.0031660541
-0.0019065049
0.0020324462
0.0015530486
-0.0028847114
-0.00039164396
-0.0014427513
0.0017863832
0.00026867428
-0.0010838842
0.0019716215
0.0049038515
-0.0009162966
-0.0008511748
0.0026064094
-0.0008804865
0.0015916008
0.0006675692
0.0010388251
0.0026553061
0.0037237343
4.6762078e-05
0.0022325022
0.0020653103
0.002395532
0.0007726378
0.003722711
0.0010821267
0.000155597
0.0011196046
-0.0010802678
0.0017544739
0.0011890415
0.0015724857
0.00076472556
0.0016989701
0.0015011291
0.0037683956
0.001479834
-0.0011410728
0.0010647442
0.0026632298
-0.001130137
0.0007086845
0.0034790249
0.002329304
-0.0020274303
0.00055482204
0.0011515124
0.0023499685
-0.0039754296
0.0029351711
0.0009771076
0.0012454297
0.0019098077
-4.4850072e-05
-0.0020053468
0.0036202609
-0.00017618109
-0.00066528766
-0.0023191315
0.0022915164
0.0006638201
0.0020246329
0.003490951
0.0026714578
-0.002634603
0.0027899537
3.7005357e-05
0.0011659745
0.004701671
0.0011391789
0.0015988832
-0.0006999884
0.0037306924
0.00042922032
-0.002227714
-0.0015532017
0.004056835
0.00095816125
0.0040076575
0.003117461
0.0013874151
0.0009164054
0.0007457167
0.004622652
0.002419224
-0.00036399486
0.0034355961
0.0018095911
0.004007227
-0.0012843491
-0.0018452242
0.0032082542
0.0014452694
0.0039225575
0.0004936621
0.0011545869
0.0044337553
0.0041772258
0.001713835
-0.00015355367
0.0014790846
-0.00061259355
0.0015245217
0.00072252937
0.0036621247
0.003142931
0.0010567118
0.0007547916
0.0009402208
0.00096032006
0.002360399
0.0019165609
-0.0001353913
-0.0012457859
-0.00088336767
0.0030527466
-0.00013959556
0.0008472515
0.0028014402
0.0005121684
0.0032863668
0.0017867718
-0.0014636047
0.0024228885
-0.0015247004
-0.0017272687
-0.0017366527
0.00199927
0.00054604217
0.0020905975
0.0018606738
0.0017441198
0.0008987449
0.00076069066
0.00400061
0.001498355
-0.0031709285
0.002460294
-0.0033013024
7.320661e-05
0.0011565689
0.0021636093
-0.0011874838
0.0036472767
-0.0025984203
-0.002846586
0.0031111564
0.0012583258
0.00088953896
-0.0028192685
0.00096009066
-3.771614e-05
0.0015030692
0.000849326
-0.0007640889
-0.0010806352
-0.0017378002
0.002064113
0.003939341
0.0009842949
0.0038297526
0.0027162447
-0.001717763
-0.0007765647
0.0017841805
-0.00034964102
-0.0005142642
0.0017135954
0.0015018808
-0.00043745237
0.0024907156
-0.002369284
2.1588243e-05
0.0011820281
5.4497273e-06
-0.00042618773
-0.002199554
0.0011404555
0.00041964426
5.5676326e-05
0.0042862184
0.004786812
0.0016236592
-0.0005017858
0.002155856
-0.0004505286
0.0030471
0.0023476104
-0.0019189051
0.0025464322
0.0018834744
0.0025422708
0.0024292532
0.0041860477
6.982405e-05
0.0003486097
-0.00013759192
0.00265661
0.0018982068
0.0013350497
0.0013167786
0.0037972503
-0.0029458546
0.0006017305
0.0052654883
0.0034919605
0.00027912334
0.0024036248
0.0024722475
0.0022031348
0.0011141365
-5.077887e-05
-0.00047254554
0.0036041029
0.0041299937
0.0011563977
0.004525165
0.0035613768
0.006060724
-0.0006728343
0.0009250518
0.001371092
-0.0014921278
-0.002091779
0.00019819764
0.0021366351
0.0019649393
0.00070549827
0.0014457236
0.0017144103
-0.0015053246
0.0023686704
0.001088809
-0.001538652
0.004004974
0.0029057795
-0.0010508677
0.0013307461
0.003878229
0.0035463218
0.0024396977
0.0046737418
0.0039572744
0.0026750925
0.0053998795
0.0009301125
0.0013471209
-0.00083754474
-0.0010709468
0.0009242055
-0.0005112214
-6.5105036e-05
0.0019004149
-0.0008779477
0.0039358437
-0.0013301767
-0.00052984303
-2.1034386e-05
-0.0043613217
0.003635081
-0.00083571905
0.0017853979
0.0035542692
0.00040857642
0.0032592695
-0.0031132493
0.0026328743
-0.0006902963
-0.0005919508
0.0019879001
0.00033979974
-0.0019197317
0.0020103296
-0.0039594057
0.0002037229
-0.002120138
0.00066961907
0.00092996826
0.00074846967
-0.00019976124
-0.00012666025
-0.00021351929
-0.0012865333
-0.001932613
-0.0027282916
-0.0032854103
-0.0012169821
0.0022835967
-0.0022677088
-0.00093764346
-0.0011802043
-0.004165962
-0.002896259
-0.0016439955
-0.002327295
0.0009834416
-0.0019021382
0.0028667045
-0.0010768513
-0.002616947
0.0031618543
0.0010780385
0.0002888957
-0.0024517153
0.0005691421
0.0033496185
0.00013564406
-0.0020936746
0.0017795183
2.951175e-06
0.0019034743
0.0040733563
-0.0006978412
-0.0017632799
-0.00078668183
0.0015330877
0.00090440584
-7.790849e-05
-0.00035597422
0.0042218873
-0.0008406291
-0.0012696006
0.001416716
-0.00414763
0.0010756493
0.0005019425
0.00040158053
0.00085693283
-0.0034266314
-0.0003128644
0.0032367627
0.0018339219
-0.0008143034
-9.7680466e-05
0.0018597108
-0.0009927365
-0.0035653673
-0.0017969217
0.0033128888
0.0039244643
-0.003207197
-0.000109109096
0.0037960405
-0.0017872207
0.0006825173
0.0009117575
-0.0011075481
0.0020456687
-0.0019612336
0.0024411092
-0.0025625234
0.0015685403
0.0027188421
-0.0009662475
0.0028829866
0.0010536471
0.0006698441
8.1611055e-05
-0.0011232179
0.0028849277
0.0017244658
0.00025172383
-0.002835059
-0.0011145637
0.0004636338
0.0031583488
0.0015552662
0.0029014044
-0.001564331
-0.000687735
0.00081633497
0.0017052535
0.0018337708
-0.0008141495
-0.0022617646
0.00062215014
0.0033860307
0.0036397763
-0.00039911977
0.0014445508
-0.00028598998
0.0013940644
-0.0005773429
0.0014658688
-0.0021340386
0.002363692
0.0024694407
-0.00029787497
0.0038171043
0.0035338122
-0.0024245395
-0.00092430395
0.0026294854
0.0023734258
0.00046208166
-0.0001491839
0.0038512715
0.0009890498
0.0020665051
0.0030695286
0.0011821941
0.00033470633
0.0014481097
0.0014977852
0.0044778623
0.0019756884
-0.0015435744
0.0077277003
0.0070319236
-0.0019281602
0.0036454606
0.008105494
-0.0036230604
0.006772193
-0.0015230279
0.0033678818
-0.0004126139
0.005214318
0.0028287745
-0.0004710451
-0.0011117934
0.0026758523
0.0031405382
0.0051966878
-0.00021680212
0.0050279656
0.0015585475
-0.0074005425
0.0033545468
-0.0018683386
0.0036087525
-0.00010811388
0.00091726554
0.004197399
-0.0031193208
0.0019842205
-0.0009895724
0.0007491071
0.0029349113
0.012882235
0.0013898831
-0.0020852038
0.0042986358
-0.0021573496
0.0010805487
0.0024805707
0.0025474406
0.0020812324
-0.00052810006
-0.0035161548
0.004379475
-0.00077650807
-0.00036519486
0.005245491
-0.00084162
-0.0026259397
0.0037967532
-0.0027841632
0.001061635
0.002957106
0.00665074
-0.0036387262
0.0046419585
0.00038618647
-0.0006973436
0.0020368127
-0.001325513
0.0070966026
-0.0033835291
0.004172442
0.004217487
-0.00070325343
0.002091308
-0.0011292475
-0.0015607119
0.0063771307
0.011098534
0.0012937945
0.008068303
0.0045395526
0.0031324774
0.006312781
-0.0037058801
-0.0005167833
0.0009697458
0.001638747
0.00375854
0.0007854687
0.0018626011
0.0016322222
0.000150045
0.005720894
0.006818054
0.00078315753
-0.0002690049
0.00591903
0.0005500056
-0.0003969606
0.004667102
0.0040091276
0.0040642032
0.0025549775
0.010123724
0.010475484
0.00295415
0.004325708
-0.0027212428
0.0052030482
0.006863281
0.004544206
-0.00026236364
0.008668909
0.0024569158
0.0064585777
0.0009632654
0.0052656825
0.0061370446
0.008335965
-0.0025612952
0.0130391745
0.001563919
0.010620894
0.001660832
0.011067592
0.0016551198
0.018452812
0.009665868
0.0049684034
0.01407602
0.012283613
0.012933674
0.03922949
0.0028159446
0.027258504
0.03366881
0.013829745
0.024729442
0.009185202
0.03125775
0.0059164325
0.011915861
0.020007657
0.035448734
0.010097267
0.034870446
0.041521676
0.025504526
0.023034686
0.0245842
0.030174637
0.022833342
0.050077837
0.005542075
0.04746986
0.059958346
0.052333176
0.033061717
0.024840748
0.02824526
0.048482355
0.023089075
0.03982411
0.07215818
0.02178746
0.024991337
0.05215293
0.02374428
0.032332566
0.037478436
0.071892194
0.03440087
0.012819676
0.029764423
0.016471764
0.064803496
0.038636807
0.039546095
0.013350946
0.01683812
0.04816584
0.04357284
0.054217033
0.059072178
0.031163383
0.012962954
0.015835615
0.024532098
0.028043678
0.01805703
0.029389877
0.036158662
0.033939045
0.037003726
0.03272298
0.011687989
0.042580366
0.075070664
0.040538084
0.02758417
0.020035487
0.049771134
0.036128916
0.041635923
0.0647559
0.0393463
0.021097992
0.041467223
0.06362595
0.051243056
0.060141526
0.07965927
0.07684707
0.078508615
0.06161044
0.04435207
0.041609935
0.08716952
0.043145765
0.06883133
0.05422365
0.028177833
0.13485289
0.054166775
0.042122714
0.06956734
0.07329313
0.1062503
0.05154104
0.0822319
0.070641145
0.114966966
0.049101748
0.06065663
0.09797841
0.06828089
0.054330714
0.07441632
0.10643806
0.07054176
0.044086836
0.092930816
0.03386695
0.06604083
0.0650508
0.08278306
0.100691274
0.08836212
0.033843696
0.071116045
0.072364956
0.05851143
0.06610333
0.034493823
0.07852399
0.05227686
0.06936741
0.07775096
0.038802993
0.07400415
0.052339505
0.06250022
0.07598162
0.07472966
0.061023068
0.062104903
0.071575455
0.056887023
0.10753667
0.13723746
0.093238845
0.09031643
0.0640762
0.06440402
0.09261066
0.097019285
0.091258466
0.10450427
0.07379259
0.13621296
0.09674472
0.065203175
0.08795415
0.10507264
0.087333694
0.09032465
0.120102406
0.10731597
0.06735389
0.089373134
0.11251658
0.06813967
0.12916169
0.05339725
0.09558572
0.08826332
0.089448705
0.115818165
0.09279412
0.103939794
0.1047955
0.08298654
0.09859799
0.115193486
0.10662887
0.10755376
0.058432728
0.07502573
0.091889545
0.12481761
0.08920513
0.092468455
0.08597152
0.08077023
0.05523207
0.09694007
0.077961974
0.09037895
0.058777798
0.07443554
0.09770324
0.09788295
0.08243046
0.029173886
0.07667822
0.06866226
0.08190409
0.12777598
0.119288646
0.12819275
0.12502949
0.085553385
0.08403746
0.09221001
0.0697815
0.11224415
0.09059406
0.07956121
0.12286596
0.10073193
0.10940721
0.08785329
0.08970096
0.11007963
0.1141905
0.09378079
0.08676161
0.110086024
0.08059858
0.099595234
0.13199039
0.10144371
0.13363668
0.10583179
0.117372826
0.11380927
0.093005314
0.11311928
0.13085936
0.13084647
0.0954171
0.1145968
0.08243281
0.1699007
0.14010857
0.10417426
0.109775625
0.09663912
0.18501763
0.13749938
0.13119258
0.14083144
0.14454408
0.1646083
0.15444908
0.13121618
0.17137434
0.1191929
0.11044122
0.124597475
0.13341354
0.124861315
0.10773232
0.14428505
0.0893067
0.13038315
0.123694025
0.10691731
0.09769718
0.13320164
0.11477053
0.16539192
0.10007771
0.09805982
0.15376958
0.12224056
0.1530818
0.14206113
0.1422725
0.07696357
0.15328902
0.13443899
0.1786773
0.13517654
0.14662847
0.12419985
0.09123962
0.13154912
0.1458169
0.13338912
0.13946846
0.1456062
0.15505525
0.12725264
0.13530369
0.1348135
0.15415528
0.12799942
0.14037152
0.13968638
0.1170402
0.11885899
0.13563177
0.1523654
0.123423815
0.15816684
0.12503108
0.11821945
0.17457464
0.13170019
0.16207966
0.13301058
0.1453305
0.12060914
0.14307764
0.14661267
0.10790142
0.15862629
0.18443058
0.13804717
0.1354544
0.12636709
0.16510068
0.10041356
0.15681712
0.12537196
0.13108134
0.1378623
0.1672202
0.10007502
0.16806206
0.117918886
0.1547665
0.12688935
0.13893902
0.17887151
0.09725131
0.12821071
0.13980818
0.11495318
0.16997299
0.15210918
0.14060055
0.10254192
0.18481286
0.16433221
0.16098885
0.16259816
0.15886553
0.16615263
0.098514415
0.19432628
0.18152784
0.19493724
0.1598609
0.18239968
0.12174114
0.10573648
0.15219569
0.18940148
0.14216606
0.17771493
0.15305267
0.13738985
0.1686838
0.15326019
0.1374719
0.12816115
0.17720105
0.19377351
0.15329272
0.15149246
0.15642068
0.21037118
0.14967245
0.14695857
0.15214321
0.15674902
0.123567306
0.17100179
0.15957704
0.17051788
0.1360968
0.13097882
0.15038358
0.18331118
0.17750868
0.14821231
0.19306894
0.21249934
0.17359246
0.14071634
0.16561994
0.18567786
0.14584574
0.17350821
0.17530343
0.17926566
0.18030635
0.14509468
0.16903268
0.18985179
0.15255597
0.1654554
0.17716879
0.12763646
0.16570435
0.14423539
0.20332965
0.18925092
0.10468483
0.15966152
0.11553433
0.17762363
0.1479674
0.16036625
0.15412632
0.19448404
0.16191241
0.1591376
0.18169498
0.1648037
0.16911183
0.14556074
0.16110097
0.15772983
0.1762344
0.15566193
0.15642467
0.15496807
0.18598671
0.17202911
0.14841083
0.1772095
0.1943276
0.14911623
0.19129148
0.16845146
0.2113905
0.1636477
0.14123233
0.16189484
0.16525225
0.16557889
0.15834548
0.22249925
0.19275549
0.19007625
0.1785188
0.20784907
0.19481984
0.13270502
0.18555059
0.20987312
0.19777231
0.12751886
0.19742167
0.20485327
0.13959248
0.16083698
0.15714903
0.16897152
0.16845837
0.17713119
0.20804684
0.1890161
0.12961176
0.20074162
0.16929565
0.21151707
0.13400488
0.10908314
0.15557015
0.18382679
0.17888117
0.11657603
0.19693497
0.20151484
0.16267423
0.20015082
0.14799264
0.20236576
0.16559727
0.19626051
0.17351381
0.17911817
0.14424478
0.14042342
0.1487883
0.20652282
0.1817313
0.17409942
0.19307499
0.16880542
0.2012088
0.2043109
0.18653823
0.14019795
0.16187201
0.10254468
0.1745059
0.16622667
0.14859387
0.14368445
0.23389149
0.13402657
0.13663967
0.16404966
0.17690107
0.18279162
0.14830312
0.18621442
0.17531255
0.14231673
0.13591564
0.18612826
0.0957187
0.12598115
0.14759123
0.17444113
0.21977744
