-0.17939219
-0.21326438
-0.25125772
-0.22708678
-0.23947206
-0.23154967
-0.20019254
-0.15835027
-0.24488504
-0.2091668
-0.16919068
-0.20231871
-0.18070398
-0.23318419
-0.2328991
-0.19921508
-0.20878744
-0.2112287
-0.23879854
-0.24659581
-0.23742259
-0.20219941
-0.21319464
-0.18188222
-0.2036399
-0.25381136
-0.2339849
-0.1536314
-0.22651064
-0.21729966
-0.27754787
-0.18384741
-0.21907024
-0.21257433
-0.22138962
-0.18899557
-0.18506767
-0.24795122
-0.25499493
-0.22136898
-0.24460924
-0.2169002
-0.2417165
-0.18741646
-0.22909498
-0.24838066
-0.24288039
-0.26016483
-0.23459883
-0.2314218
-0.23000865
-0.21765108
-0.22587574
-0.20089766
-0.25506866
-0.24789365
-0.24814053
-0.21006417
-0.19751896
-0.22733745
-0.17684044
-0.23523155
-0.21825227
-0.20441642
-0.20640874
-0.17826773
-0.16653688
-0.21837369
-0.20144835
-0.21281624
-0.18367393
-0.2054235
-0.17987165
-0.17398643
-0.20893244
-0.19700053
-0.206984
-0.17450258
-0.1682926
-0.1927531
-0.21053758
-0.24790756
-0.23409978
-0.20749156
-0.21029815
-0.23491903
-0.21131644
-0.2545654
-0.23656793
-0.19290139
-0.18257836
-0.1938961
-0.22649348
-0.2345232
-0.19918136
-0.1547188
-0.19283918
-0.18673989
-0.16291697
-0.18012278
-0.14261594
-0.19491039
-0.14209597
-0.14582273
-0.17409892
-0.16176629
-0.124070466
-0.14917204
-0.16933528
-0.20280714
-0.23225737
-0.22293878
-0.2503402
-0.18931326
-0.14995113
-0.19629535
-0.18997082
-0.17514154
-0.21194413
-0.16050008
-0.12883544
-0.18183187
-0.1524789
-0.1491592
-0.20771746
-0.22109842
-0.1919252
-0.1792952
-0.23596795
-0.16007493
-0.18241632
-0.16747203
-0.1477494
-0.12686682
-0.15777965
-0.15910634
-0.20803472
-0.17482953
-0.16402566
-0.16837814
-0.12018833
-0.16195586
-0.15966165
-0.13470408
-0.14493835
-0.11179163
-0.1359622
-0.12523668
-0.15052417
-0.07727305
-0.16739757
-0.20257798
-0.16049302
-0.22421499
-0.16520645
-0.12300168
-0.12055218
-0.117659725
-0.12842563
-0.11310996
-0.17565963
-0.20829372
-0.13669324
-0.15552218
-0.12107186
-0.12604019
-0.12940761
-0.16551945
-0.13856934
-0.098488584
-0.08791677
-0.12521394
-0.12118684
-0.12374227
-0.08882694
-0.14750968
-0.12020365
-0.1213341
-0.111336626
-0.16351071
-0.13983648
-0.10376485
-0.11533195
-0.13995667
-0.090926796
-0.08514545
-0.11048567
-0.122431085
-0.100976095
-0.135515
-0.109298065
-0.09590113
-0.104245424
-0.115570486
-0.14737931
-0.13168119
-0.109904885
-0.1425968
-0.12090661
-0.15263626
-0.15690184
-0.14455774
-0.13185377
-0.14371982
-0.12287502
-0.13554336
-0.10764663
-0.11786227
-0.12607229
-0.13513382
-0.1254696
-0.14254239
-0.122148775
-0.13270602
-0.14200003
-0.14641133
-0.17788938
-0.14562407
-0.13322356
-0.14018273
-0.13241738
-0.13132033
-0.19739595
-0.12606469
-0.11899072
-0.098126926
-0.12616178
-0.12756935
-0.11794529
-0.1362494
-0.098600104
-0.11563134
-0.118212536
-0.08794759
-0.119692266
-0.09367251
-0.1103978
-0.13639492
-0.07511427
-0.14564791
-0.12627593
-0.14565685
-0.09965966
-0.113609865
-0.11496546
-0.10723828
-0.13658004
-0.12455509
-0.13402535
-0.124975465
-0.14206125
-0.12585983
-0.09075706
-0.14006206
-0.0945098
-0.11025498
-0.100038946
-0.07826586
-0.12690793
-0.09922306
-0.15408158
-0.07791698
-0.10018243
-0.1047077
-0.15691888
-0.13062328
-0.10353623
-0.10692881
-0.11775334
-0.09728211
-0.11279497
-0.08966017
-0.09720589
-0.12622263
-0.13241462
-0.13432384
-0.1200492
-0.12443302
-0.12446435
-0.14051452
-0.16119984
-0.12116349
-0.14583412
-0.09843367
-0.10909655
-0.09804561
-0.14664719
-0.13172334
-0.11483731
-0.106128894
-0.13932577
-0.12177148
-0.111164585
-0.13137093
-0.13697657
-0.1089047
-0.14470556
-0.13646123
-0.12590316
-0.14889666
-0.10023023
-0.095162675
-0.10512471
-0.10819938
-0.105215706
-0.11367977
-0.09295495
-0.12061069
-0.11535438
-0.1021835
-0.10374012
-0.098783955
-0.13208376
-0.101359464
-0.11868006
-0.1327999
-0.11997899
-0.11623053
-0.101696864
-0.13225608
-0.10790155
-0.09797221
-0.1090831
-0.10628222
-0.13351023
-0.11525444
-0.11654337
-0.13940373
-0.12687905
-0.1394281
-0.116570935
-0.107721426
-0.09038885
-0.09382223
-0.10142197
-0.09293093
-0.09741683
-0.10045402
-0.09690338
-0.08256191
-0.09109406
-0.14080605
-0.12759687
-0.09190999
-0.09429538
-0.062340938
-0.08540426
-0.10193865
-0.110043764
-0.09652018
-0.11730833
-0.1186342
-0.10474525
-0.10537215
-0.10019417
-0.11866007
-0.08915007
-0.06820579
-0.09189578
-0.088188566
-0.08970655
-0.09682123
-0.12604286
-0.078437135
-0.12734643
-0.092228964
-0.12079495
-0.10112699
-0.12994882
-0.10843617
-0.086571224
-0.07071294
-0.12893794
-0.101955175
-0.16881749
-0.11792765
-0.124073304
-0.13187103
-0.11428939
-0.1023225
-0.10236655
-0.11320089
-0.12534462
-0.10373926
-0.101526365
-0.08696529
-0.09683688
-0.0715297
-0.10485059
-0.078580104
-0.11321944
-0.0710241
-0.094718054
-0.081726775
-0.10269914
-0.07816414
-0.05941088
-0.074845895
-0.10692339
-0.10694468
-0.0865003
-0.07786803
-0.08597089
-0.08731995
-0.098780215
-0.11177504
-0.07687323
-0.0763545
-0.11625872
-0.118442655
-0.12311789
-0.09232936
-0.080179006
-0.106227204
-0.07642171
-0.077111915
