0.24148507 0.24636786 -0.0048828125 1.0
0.2246336 0.23684064 -0.012207031 1.0
0.2008185 0.19105287 0.009765625 1.0
0.16060343 0.17525187 -0.0146484375 1.0
0.23203444 0.23447585 -0.0024414062 1.0
0.21517399 0.23958807 -0.024414062 1.0
0.26436567 0.24483442 0.01953125 1.0
0.22297163 0.21564741 0.0073242188 1.0
0.2455873 0.26023573 -0.0146484375 1.0
0.10296502 0.12737909 -0.024414062 1.0
0.21513388 0.21269247 0.0024414062 1.0
0.21577592 0.21333452 0.0024414062 1.0
0.27044255 0.27288395 -0.0024414062 1.0
0.24859095 0.26323938 -0.0146484375 1.0
0.22312388 0.19870982 0.024414062 1.0
0.24597082 0.25329506 -0.0073242188 1.0
0.12255486 0.14696893 -0.024414062 1.0
-0.3526369 -0.034315266 -0.3149414 -0.09999999999999987
-0.23592004 -0.022892598 -0.2368164 -0.09999999999999987
-0.34925666 -0.034315266 -0.3149414 1.0
-0.26478317 -0.03529096 -0.22949219 1.0
-0.32697067 -0.029117411 -0.29785156 1.0
-0.40932092 -0.045550626 -0.36376953 1.0
-0.33428937 -0.036435667 -0.29785156 1.0
-0.36506078 -0.028146744 -0.33691406 1.0
-0.23642659 0.007714593 -0.24414062 1.0
-0.15582192 0.027285105 -0.18310547 1.0
-0.2615038 -0.00027246252 -0.26123047 1.0
-0.26285425 0.0008176455 -0.26367188 1.0
-0.2495794 0.016534086 -0.26611328 1.0
-0.3460247 -0.031082863 -0.3149414 1.0
-0.35353202 -0.038588323 -0.3149414 1.0
-0.2081866 0.006658367 -0.21484375 1.0
-0.2503131 0.008476185 -0.25878906 1.0
-0.13301408 0.0403272 -0.17333984 1.0
-0.15635699 0.02674847 -0.18310547 1.0
-0.23896253 -0.021675449 -0.21728516 1.0
-0.2349442 0.0116389375 -0.24658203 1.0
-0.22907467 0.010184511 -0.23925781 1.0
-0.16929252 0.028462673 -0.1977539 1.0
-0.27236 0.0084019145 -0.28076172 1.0
-0.2719998 0.006320487 -0.2783203 1.0
-0.18432975 0.001216758 -0.18554688 1.0
-0.21668005 0.025021706 -0.24169922 1.0
-0.18444438 0.023077723 -0.20751953 1.0
-0.18525024 0.03935802 -0.22460938 1.0
-0.34925666 -0.034315266 -0.3149414 1.0
-0.26478317 -0.03529096 -0.22949219 1.0
-0.32697067 -0.029117411 -0.29785156 1.0
-0.34925666 -0.034315266 -0.3149414 1.0
-0.26478317 -0.03529096 -0.22949219 1.0
-0.32697067 -0.029117411 -0.29785156 1.0
-0.34925666 -0.034315266 -0.3149414 1.0
-0.26478317 -0.03529096 -0.22949219 1.0
-0.32697067 -0.029117411 -0.29785156 1.0
-0.34956622 -0.034315266 -0.3149414 0.9
-0.29286018 -0.029796654 -0.26611328 0.8
-0.3149414 -0.034315266 -0.3149414 1.0
-0.026855469 0.25435 -0.026855469 1.0
